transcript/349	TRINITY_DN7624_c0_g1_i3	90.141	994	92	6	18	1007	33	1024	0.0	1288
transcript/349	TRINITY_DN7624_c0_g1_i3	80.039	1022	161	23	1021	2007	1068	2081	0.0	717
transcript/349	TRINITY_DN7624_c0_g1_i2	90.141	994	92	6	18	1007	33	1024	0.0	1288
transcript/349	TRINITY_DN7624_c0_g1_i2	82.271	643	90	11	1021	1642	1068	1707	1.77e-150	534
transcript/349	TRINITY_DN7624_c0_g1_i4	90.215	838	80	2	171	1007	258	1094	0.0	1092
transcript/349	TRINITY_DN7624_c0_g1_i4	82.271	643	90	11	1021	1642	1138	1777	1.77e-150	534
transcript/349	TRINITY_DN7624_c0_g1_i1	90.215	838	80	2	171	1007	258	1094	0.0	1092
transcript/349	TRINITY_DN7624_c0_g1_i1	80.039	1022	161	23	1021	2007	1138	2151	0.0	717
transcript/953	TRINITY_DN15736_c0_g1_i1	86.512	1935	253	7	1683	3613	1	1931	0.0	2121
transcript/953	TRINITY_DN11917_c0_g1_i1	87.854	494	58	2	1204	1696	3	495	6.96e-164	579
transcript/956	TRINITY_DN8572_c9_g5_i2	80.811	3502	646	15	16	3503	20	3509	0.0	2721
transcript/959	TRINITY_DN5292_c0_g1_i3	87.926	3288	362	11	152	3411	128	3408	0.0	3840
transcript/959	TRINITY_DN5292_c0_g1_i4	86.175	1924	239	7	1515	3411	1342	3265	0.0	2054
transcript/959	TRINITY_DN5292_c0_g1_i4	89.444	1222	121	3	152	1372	128	1342	0.0	1535
transcript/1055	TRINITY_DN7378_c0_g1_i3	85.182	1181	129	24	2553	3717	768	1918	0.0	1170
transcript/1055	TRINITY_DN7378_c0_g1_i2	85.182	1181	129	24	2553	3717	856	2006	0.0	1170
transcript/1055	TRINITY_DN7378_c0_g1_i1	85.182	1181	129	24	2553	3717	951	2101	0.0	1170
transcript/1055	TRINITY_DN19465_c0_g1_i1	92.399	421	32	0	479	899	1	421	1.44e-170	601
transcript/1315	TRINITY_DN7378_c0_g1_i3	85.810	1050	119	20	2630	3666	768	1800	0.0	1086
transcript/1315	TRINITY_DN7378_c0_g1_i2	85.810	1050	119	20	2630	3666	856	1888	0.0	1086
transcript/1315	TRINITY_DN7378_c0_g1_i1	85.810	1050	119	20	2630	3666	951	1983	0.0	1086
transcript/1315	TRINITY_DN19465_c0_g1_i1	92.399	421	32	0	555	975	1	421	1.41e-170	601
transcript/1434	TRINITY_DN7663_c0_g1_i3	73.126	1027	255	18	1825	2839	1518	501	1.97e-94	348
transcript/1434	TRINITY_DN7663_c0_g1_i2	73.126	1027	255	18	1825	2839	1518	501	1.97e-94	348
transcript/2159	TRINITY_DN7614_c0_g1_i3	86.439	2227	240	28	633	2857	2626	460	0.0	2383
transcript/2159	TRINITY_DN7614_c0_g1_i1	86.439	2227	240	28	633	2857	2626	460	0.0	2383
transcript/2159	TRINITY_DN7614_c0_g1_i2	88.344	1999	206	12	860	2857	2432	460	0.0	2375
transcript/2558	TRINITY_DN7093_c0_g2_i2	84.371	1638	238	12	108	1743	131	1752	0.0	1591
transcript/2558	TRINITY_DN7093_c0_g2_i1	84.371	1638	238	12	108	1743	131	1752	0.0	1591
transcript/2558	TRINITY_DN7093_c0_g1_i1	84.371	1638	238	12	108	1743	131	1752	0.0	1591
transcript/2660	TRINITY_DN13086_c0_g1_i1	81.390	2504	456	10	103	2601	147	2645	0.0	2034
transcript/2815	TRINITY_DN6721_c1_g3_i1	83.317	995	152	9	372	1360	1221	235	0.0	905
transcript/2815	TRINITY_DN6721_c1_g2_i1	83.300	994	152	9	372	1359	2343	1358	0.0	904
transcript/2815	TRINITY_DN2557_c0_g2_i1	88.119	404	38	6	1303	1705	1	395	9.49e-132	472
transcript/2815	TRINITY_DN2557_c0_g1_i1	90.057	352	24	7	1355	1705	43	384	5.75e-124	446
transcript/2818	TRINITY_DN6865_c2_g1_i2	79.941	2707	489	39	270	2945	317	3000	0.0	1941
transcript/2818	TRINITY_DN6865_c2_g1_i1	79.941	2707	489	39	270	2945	281	2964	0.0	1941
transcript/3492	TRINITY_DN18470_c0_g1_i1	83.333	2070	336	9	13	2081	2391	330	0.0	1903
transcript/3493	TRINITY_DN757_c0_g1_i1	82.208	1096	180	11	15	1108	1	1083	0.0	929
transcript/4407	TRINITY_DN6360_c0_g1_i3	81.749	526	84	6	1139	1661	1277	1793	5.09e-119	429
transcript/4407	TRINITY_DN6360_c0_g1_i3	77.551	441	90	7	389	827	572	1005	2.54e-67	257
transcript/4407	TRINITY_DN6360_c0_g1_i2	81.749	526	84	6	1139	1661	923	1439	5.09e-119	429
transcript/4407	TRINITY_DN6360_c0_g1_i2	77.483	604	127	7	226	827	55	651	3.15e-96	353
transcript/4407	TRINITY_DN6360_c0_g1_i1	81.749	526	84	6	1139	1661	1027	1543	5.09e-119	429
transcript/4407	TRINITY_DN6360_c0_g1_i1	77.446	603	127	7	227	827	160	755	1.13e-95	351
transcript/4571	TRINITY_DN8218_c0_g1_i1	82.898	1263	206	7	316	1576	3389	2135	0.0	1127
transcript/4572	TRINITY_DN6110_c0_g1_i1	82.032	2293	394	11	139	2420	2674	389	0.0	1936
transcript/4577	TRINITY_DN6882_c0_g1_i2	86.924	1736	215	10	1	1732	26	1753	0.0	1938
transcript/4577	TRINITY_DN6882_c0_g1_i4	86.384	1748	214	12	1	1732	26	1765	0.0	1888
transcript/4577	TRINITY_DN6882_c0_g1_i3	86.610	1531	200	4	204	1732	178	1705	0.0	1687
transcript/4577	TRINITY_DN6882_c0_g1_i1	86.001	1543	199	6	204	1732	178	1717	0.0	1637
transcript/4665	TRINITY_DN2126_c0_g1_i1	84.458	489	66	4	277	764	416	895	2.30e-132	473
transcript/5024	TRINITY_DN7343_c0_g1_i1	80.103	1166	217	13	271	1431	242	1397	0.0	854
transcript/5024	TRINITY_DN7343_c0_g1_i2	79.710	1104	209	13	271	1369	242	1335	0.0	784
transcript/5024	TRINITY_DN7343_c0_g1_i3	79.673	1102	209	13	271	1367	242	1333	0.0	780
transcript/5392	TRINITY_DN6360_c0_g1_i3	81.749	526	84	6	972	1494	1277	1793	4.77e-119	429
transcript/5392	TRINITY_DN6360_c0_g1_i3	77.551	441	90	7	222	660	572	1005	2.38e-67	257
transcript/5392	TRINITY_DN6360_c0_g1_i2	81.749	526	84	6	972	1494	923	1439	4.77e-119	429
transcript/5392	TRINITY_DN6360_c0_g1_i2	77.483	604	127	7	59	660	55	651	2.95e-96	353
transcript/5392	TRINITY_DN6360_c0_g1_i1	81.749	526	84	6	972	1494	1027	1543	4.77e-119	429
transcript/5392	TRINITY_DN6360_c0_g1_i1	77.446	603	127	7	60	660	160	755	1.06e-95	351
transcript/5970	TRINITY_DN2158_c0_g2_i1	82.899	2070	326	17	17	2071	2092	36	0.0	1836
transcript/5970	TRINITY_DN21158_c0_g1_i1	75.990	404	58	27	2027	2412	492	110	8.61e-42	172
transcript/6158	TRINITY_DN2486_c0_g1_i1	84.663	1767	271	0	1	1767	2025	259	0.0	1762
transcript/6158	TRINITY_DN2486_c0_g2_i1	83.362	1767	294	0	1	1767	2025	259	0.0	1635
transcript/6252	TRINITY_DN5402_c0_g2_i4	83.381	2112	348	2	191	2302	154	2262	0.0	1953
transcript/6252	TRINITY_DN5402_c0_g2_i3	83.405	2103	346	2	191	2293	154	2253	0.0	1947
transcript/6253	TRINITY_DN5247_c0_g1_i1	80.852	1525	271	9	476	1982	1	1522	0.0	1179
transcript/6253	TRINITY_DN6054_c1_g1_i1	86.042	523	72	1	42	564	4	525	1.53e-158	560
transcript/6258	TRINITY_DN8088_c0_g2_i3	86.831	1177	131	12	194	1355	300	1467	0.0	1293
transcript/6258	TRINITY_DN8088_c0_g2_i4	89.164	969	103	2	183	1150	399	1366	0.0	1206
transcript/6258	TRINITY_DN8088_c0_g2_i2	89.342	957	102	0	194	1150	300	1256	0.0	1203
transcript/6378	TRINITY_DN4349_c0_g1_i1	81.153	1682	291	21	5	1675	2	1668	0.0	1327
transcript/6378	TRINITY_DN4349_c0_g1_i1	82.629	639	104	5	1661	2299	1721	2352	5.46e-158	558
transcript/7189	TRINITY_DN2158_c0_g2_i1	82.859	2071	326	18	17	2072	2092	36	0.0	1831
transcript/7312	TRINITY_DN2486_c0_g1_i1	84.663	1767	271	0	1	1767	2025	259	0.0	1762
transcript/7312	TRINITY_DN2486_c0_g2_i1	83.362	1767	294	0	1	1767	2025	259	0.0	1635
transcript/7328	TRINITY_DN2486_c0_g1_i1	84.615	1768	271	1	1	1768	2025	259	0.0	1757
transcript/7328	TRINITY_DN2486_c0_g2_i1	83.314	1768	294	1	1	1768	2025	259	0.0	1629
transcript/8145	TRINITY_DN14000_c0_g1_i1	80.537	894	174	0	150	1043	149	1042	0.0	688
transcript/8176	TRINITY_DN894_c0_g1_i1	77.564	1560	338	10	266	1819	1827	274	0.0	931
transcript/8176	TRINITY_DN894_c0_g2_i1	79.543	875	175	4	266	1138	905	33	6.15e-177	621
transcript/9501	TRINITY_DN10572_c0_g1_i1	82.645	726	107	11	861	1578	550	1264	4.43e-178	625
transcript/9501	TRINITY_DN10572_c0_g1_i1	82.046	518	85	4	257	773	18	528	8.02e-121	435
transcript/9507	TRINITY_DN7695_c0_g2_i1	82.769	650	100	9	272	921	368	1005	2.08e-161	569
transcript/9507	TRINITY_DN7695_c0_g1_i1	84.071	339	53	1	272	610	368	705	4.98e-88	326
transcript/9525	TRINITY_DN6725_c0_g1_i2	81.788	302	46	8	1428	1727	1406	1700	1.46e-63	244
transcript/9527	TRINITY_DN6408_c0_g1_i7	86.972	1136	120	14	104	1211	2027	892	0.0	1253
transcript/9527	TRINITY_DN6408_c0_g1_i1	85.053	1124	149	15	104	1211	2012	892	0.0	1127
transcript/9527	TRINITY_DN6408_c0_g1_i8	85.918	980	111	13	259	1211	1871	892	0.0	1020
transcript/9527	TRINITY_DN6408_c0_g1_i5	83.678	968	140	14	259	1211	1856	892	0.0	896
transcript/9527	TRINITY_DN6408_c0_g1_i6	87.395	714	90	0	498	1211	1605	892	0.0	821
transcript/9527	TRINITY_DN6408_c0_g1_i4	87.395	714	90	0	498	1211	1605	892	0.0	821
transcript/9527	TRINITY_DN6408_c0_g1_i4	92.151	344	26	1	104	446	1970	1627	7.91e-136	484
transcript/9527	TRINITY_DN6408_c0_g1_i3	87.395	714	90	0	498	1211	1605	892	0.0	821
transcript/9527	TRINITY_DN6408_c0_g1_i2	87.395	714	90	0	498	1211	1605	892	0.0	821
transcript/9529	TRINITY_DN13055_c0_g2_i1	83.256	1081	178	3	775	1853	1100	21	0.0	990
transcript/9529	TRINITY_DN13055_c0_g3_i1	83.241	1080	178	3	776	1853	1099	21	0.0	989
transcript/9540	TRINITY_DN6501_c0_g1_i1	85.553	1066	116	21	46	1103	2079	1044	0.0	1081
transcript/9540	TRINITY_DN6501_c0_g1_i1	81.660	747	78	35	1240	1974	1018	319	2.76e-160	566
transcript/9545	TRINITY_DN7304_c0_g1_i1	81.829	809	128	13	288	1090	960	165	0.0	662
transcript/9546	TRINITY_DN3024_c0_g1_i1	83.417	796	125	4	2	796	11	800	0.0	732
transcript/9546	TRINITY_DN8461_c0_g1_i3	79.942	1032	144	31	876	1873	1113	111	0.0	701
transcript/9546	TRINITY_DN8461_c0_g1_i1	80.952	609	96	15	876	1481	1237	646	1.01e-129	464
transcript/9546	TRINITY_DN8461_c0_g1_i1	83.424	368	48	4	1507	1873	466	111	3.86e-89	329
transcript/9546	TRINITY_DN8461_c0_g1_i2	79.820	555	92	15	876	1427	1059	522	2.26e-106	387
transcript/9546	TRINITY_DN8461_c0_g1_i2	83.424	368	48	4	1507	1873	466	111	3.86e-89	329
transcript/9555	TRINITY_DN7808_c1_g2_i1	84.846	1300	189	4	65	1363	74	1366	0.0	1303
transcript/9557	TRINITY_DN6470_c0_g3_i1	87.794	1360	144	11	138	1484	1488	138	0.0	1572
transcript/9557	TRINITY_DN6470_c0_g3_i4	87.823	1355	144	10	143	1484	1484	138	0.0	1568
transcript/9557	TRINITY_DN6470_c0_g3_i2	88.363	971	112	1	138	1108	1375	406	0.0	1166
transcript/9557	TRINITY_DN6470_c0_g3_i3	88.406	966	112	0	143	1108	1371	406	0.0	1164
transcript/9579	TRINITY_DN3644_c0_g1_i2	81.262	1078	200	2	262	1338	1837	761	0.0	870
transcript/9579	TRINITY_DN3644_c0_g1_i1	81.262	1078	200	2	262	1338	1417	341	0.0	870
transcript/9589	TRINITY_DN5690_c0_g1_i1	81.423	1082	200	1	768	1849	1743	663	0.0	883
transcript/9589	TRINITY_DN5690_c0_g1_i1	82.094	659	102	12	110	763	2437	1790	2.74e-155	549
transcript/9590	TRINITY_DN8572_c10_g1_i2	81.805	1374	227	17	563	1929	3539	2182	0.0	1131
transcript/9590	TRINITY_DN8572_c10_g1_i1	81.805	1374	227	17	563	1929	3539	2182	0.0	1131
transcript/9591	TRINITY_DN8497_c0_g2_i4	87.802	1738	196	12	142	1866	235	1969	0.0	2021
transcript/9591	TRINITY_DN8497_c0_g2_i5	87.169	1738	195	12	142	1866	235	1957	0.0	1949
transcript/9591	TRINITY_DN8497_c0_g2_i2	87.909	1621	180	12	259	1866	775	2392	0.0	1893
transcript/9591	TRINITY_DN8497_c0_g2_i7	87.230	1621	179	12	259	1866	775	2380	0.0	1821
transcript/9591	TRINITY_DN8497_c0_g2_i3	87.681	1315	153	3	142	1447	235	1549	0.0	1522
transcript/9591	TRINITY_DN8497_c0_g2_i3	88.180	423	43	6	1448	1866	1598	2017	9.85e-140	497
transcript/9591	TRINITY_DN8497_c0_g2_i6	86.844	1315	152	7	142	1447	235	1537	0.0	1450
transcript/9591	TRINITY_DN8497_c0_g2_i6	88.180	423	43	6	1448	1866	1586	2005	9.85e-140	497
transcript/9591	TRINITY_DN8497_c0_g2_i1	87.813	1198	137	3	259	1447	775	1972	0.0	1395
transcript/9591	TRINITY_DN8497_c0_g2_i1	88.180	423	43	6	1448	1866	2021	2440	9.85e-140	497
transcript/9593	TRINITY_DN8911_c0_g1_i1	81.709	667	110	6	1113	1767	1	667	3.52e-154	545
transcript/9593	TRINITY_DN11904_c0_g1_i1	84.200	481	70	1	479	959	12	486	3.64e-129	462
transcript/9594	TRINITY_DN17667_c0_g1_i1	85.524	525	74	2	345	868	525	2	9.74e-155	547
transcript/10197	TRINITY_DN2486_c0_g1_i1	84.672	1768	270	1	1	1768	2025	259	0.0	1762
transcript/10197	TRINITY_DN2486_c0_g2_i1	83.371	1768	293	1	1	1768	2025	259	0.0	1635
transcript/10550	TRINITY_DN7503_c0_g1_i3	84.499	858	130	1	247	1104	114	968	0.0	845
transcript/10550	TRINITY_DN7503_c0_g1_i2	84.588	850	128	1	255	1104	263	1109	0.0	841
transcript/10550	TRINITY_DN7503_c0_g1_i4	84.946	372	56	0	733	1104	489	860	1.29e-103	377
transcript/10550	TRINITY_DN7503_c0_g1_i1	84.946	372	56	0	733	1104	630	1001	1.29e-103	377
transcript/11293	TRINITY_DN14000_c0_g1_i1	75.134	1496	364	6	143	1635	149	1639	0.0	695
transcript/11536	TRINITY_DN6408_c0_g1_i8	89.323	384	40	1	285	667	1652	1269	8.92e-135	481
transcript/11536	TRINITY_DN6408_c0_g1_i7	89.323	384	40	1	285	667	1652	1269	8.92e-135	481
transcript/11536	TRINITY_DN6408_c0_g1_i5	89.323	384	40	1	285	667	1652	1269	8.92e-135	481
transcript/11536	TRINITY_DN6408_c0_g1_i1	89.323	384	40	1	285	667	1652	1269	8.92e-135	481
transcript/11536	TRINITY_DN6408_c0_g1_i6	89.318	337	36	0	331	667	1605	1269	1.52e-117	424
transcript/11536	TRINITY_DN6408_c0_g1_i4	89.318	337	36	0	331	667	1605	1269	1.52e-117	424
transcript/11536	TRINITY_DN6408_c0_g1_i3	89.318	337	36	0	331	667	1605	1269	1.52e-117	424
transcript/11536	TRINITY_DN6408_c0_g1_i2	89.318	337	36	0	331	667	1605	1269	1.52e-117	424
transcript/11757	TRINITY_DN6099_c0_g2_i1	75.318	786	160	26	1	781	351	1107	3.33e-94	346
transcript/12003	TRINITY_DN7186_c1_g1_i1	89.151	848	92	0	126	973	2230	1383	0.0	1057
transcript/12149	TRINITY_DN6099_c0_g2_i1	75.318	786	160	26	1	781	351	1107	3.25e-94	346
transcript/13154	TRINITY_DN4290_c0_g1_i1	81.509	1325	156	43	169	1491	160	1397	0.0	1007
transcript/14079	TRINITY_DN21248_c0_g1_i1	76.481	557	129	2	134	689	414	969	6.06e-81	302
transcript/14433	TRINITY_DN5675_c0_g1_i2	89.205	352	17	11	679	1028	743	1075	1.55e-116	420
transcript/14495	TRINITY_DN649_c0_g1_i1	86.322	987	120	12	10	995	994	22	0.0	1061
transcript/14520	TRINITY_DN649_c0_g1_i1	86.322	987	120	12	39	1024	994	22	0.0	1061
transcript/15045	TRINITY_DN6736_c0_g1_i2	82.643	1279	186	19	1	1258	1863	600	0.0	1099
transcript/15045	TRINITY_DN6736_c0_g1_i3	82.058	1215	182	19	65	1258	1799	600	0.0	1003
transcript/15045	TRINITY_DN6736_c0_g1_i6	81.514	1136	174	19	144	1258	1720	600	0.0	902
transcript/15045	TRINITY_DN6736_c0_g1_i4	80.558	1039	166	19	241	1258	1623	600	0.0	767
transcript/15045	TRINITY_DN6736_c0_g1_i5	91.142	429	38	0	1	429	644	216	1.74e-165	582
transcript/15045	TRINITY_DN6736_c0_g1_i1	90.685	365	34	0	65	429	580	216	1.40e-136	486
transcript/15367	TRINITY_DN2726_c0_g1_i1	79.893	751	112	22	34	760	1	736	6.24e-145	514
transcript/15484	TRINITY_DN665_c0_g1_i1	84.871	661	95	5	90	748	107	764	0.0	662
transcript/15484	TRINITY_DN665_c0_g2_i1	84.743	662	95	6	90	748	107	765	0.0	658
transcript/15624	TRINITY_DN649_c0_g1_i1	86.322	987	120	12	7	992	994	22	0.0	1061
