gid	gname	chr	start	end	logCPM	logFC.AG.TC	PV.AG.TC	FDR.AG.TC
TRINITY_DN7883_c0_g1_i1	NA	NA	NA	NA	2.13488770107481	10.3604126860492	9.35902923651049e-06	0.000930047767429193
TRINITY_DN1879_c0_g1_i1	NA	NA	NA	NA	0.357001840920201	8.54083666077031	0.000232183769392441	0.00837896812156298
TRINITY_DN8034_c0_g1_i2	NA	NA	NA	NA	4.11208914865458	6.13685129825813	0.000183808948790143	0.00712204440966336
TRINITY_DN8422_c0_g2_i2	NA	NA	NA	NA	0.421932673272355	8.609369227289	0.000206122006707278	0.00774320156667768
TRINITY_DN3987_c0_g2_i1	NA	NA	NA	NA	1.52182316621568	-9.64960915186179	5.92787426945603e-05	0.00313044522611876
TRINITY_DN6695_c0_g1_i1	NA	NA	NA	NA	3.76907860236275	11.9967424246617	5.03852963828206e-07	0.000163195336736678
TRINITY_DN2552_c0_g1_i1	NA	NA	NA	NA	1.17119815073486	5.41373158186827	0.00135919851205151	0.0361729704269328
TRINITY_DN16578_c0_g1_i1	NA	NA	NA	NA	0.38982172947472	8.57550984491727	0.000218616785970837	0.00808868074981077
TRINITY_DN7181_c0_g1_i2	NA	NA	NA	NA	6.13399927815808	14.3606265796675	7.43129318948588e-09	4.13813836092265e-05
TRINITY_DN2531_c0_g1_i1	NA	NA	NA	NA	1.0158513684337	9.22621071642464	6.9973538015255e-05	0.00350267042774625
TRINITY_DN8589_c0_g3_i1	NA	NA	NA	NA	6.37916427208628	14.605728361896	4.80433774664793e-09	4.13813836092265e-05
TRINITY_DN7031_c0_g2_i1	NA	NA	NA	NA	1.54589529320312	-9.67511273148587	5.66857477810288e-05	0.00305754435825319
TRINITY_DN8552_c0_g1_i11	NA	NA	NA	NA	4.28090946213629	12.5083283139944	2.0204055605213e-07	0.000103128962768783
TRINITY_DN3431_c0_g2_i1	NA	NA	NA	NA	1.37276318578242	9.59066898559846	3.67538564733033e-05	0.00223323959830105
TRINITY_DN2869_c0_g1_i1	NA	NA	NA	NA	0.750808601063831	-8.82093051548539	0.000249905667962151	0.00884446849087804
TRINITY_DN561_c0_g3_i1	NA	NA	NA	NA	3.07542787511824	8.26991399517935	1.53893231189187e-05	0.00128816935799978
TRINITY_DN1183_c0_g2_i1	NA	NA	NA	NA	0.85895803626576	9.06474541297197	9.29651805787535e-05	0.00428170453839085
TRINITY_DN5072_c0_g1_i1	NA	NA	NA	NA	3.90505402782196	-12.1099100185175	7.51774996015251e-07	0.000213039088255243
TRINITY_DN8530_c1_g10_i1	NA	NA	NA	NA	5.3830917448739	13.6099736867646	2.82993963364119e-08	6.0064113866732e-05
TRINITY_DN8440_c0_g1_i1	NA	NA	NA	NA	1.9728268895067	5.67829847453177	0.00066232918508061	0.0194769193157888
TRINITY_DN7312_c0_g1_i6	NA	NA	NA	NA	4.09333223141041	5.34588338302535	0.000677547337759998	0.0198529401967382
TRINITY_DN8265_c2_g1_i1	NA	NA	NA	NA	2.68078907407722	10.9080771774322	3.5232894633936e-06	0.000497030198217057
TRINITY_DN8987_c0_g2_i1	NA	NA	NA	NA	0.0628550566369814	-8.05534393840364	0.000909622582238151	0.0254505081157978
TRINITY_DN7793_c0_g1_i1	NA	NA	NA	NA	3.88875486726827	12.1163686428897	4.06899286186342e-07	0.000144380175450131
TRINITY_DN4890_c0_g1_i1	NA	NA	NA	NA	1.19574507184902	9.41034619752506	5.05627955139765e-05	0.00284123474624916
TRINITY_DN8284_c0_g1_i3	NA	NA	NA	NA	1.35599243289456	9.57361774699047	3.7880463296164e-05	0.00228108234648811
TRINITY_DN5591_c0_g2_i1	NA	NA	NA	NA	0.596154719082888	-8.65140422655422	0.000333943238986542	0.0110075767321495
TRINITY_DN8586_c0_g1_i1	NA	NA	NA	NA	3.06149300327805	-11.2504401576734	3.48143042870631e-06	0.000497030198217057
TRINITY_DN6897_c0_g1_i3	NA	NA	NA	NA	3.13965288750797	-5.50979202059079	0.000654398758596082	0.0192718046089909
TRINITY_DN8485_c0_g1_i5	NA	NA	NA	NA	1.64579167709962	9.8674515523646	2.24969281279454e-05	0.00162222929759645
TRINITY_DN7772_c0_g2_i2	NA	NA	NA	NA	3.54309391456553	7.82697362905152	1.87879133268088e-05	0.00149215974622722
TRINITY_DN8487_c2_g1_i1	NA	NA	NA	NA	3.22032513960372	5.38096381340487	0.000721854256927973	0.020952468956846
TRINITY_DN1935_c0_g1_i2	NA	NA	NA	NA	0.994434901478148	9.20422146873081	7.27373283043451e-05	0.00360523371961561
TRINITY_DN4972_c0_g3_i1	NA	NA	NA	NA	2.17392244758195	10.3996426548027	8.72709590050613e-06	0.00088025852800455
TRINITY_DN8482_c2_g4_i1	NA	NA	NA	NA	0.543853837408771	8.73737890755762	0.000164925093457173	0.006549279351007
TRINITY_DN8187_c0_g1_i2	NA	NA	NA	NA	3.18581624681054	11.4135543893715	1.42837774481359e-06	0.000316644662045326
TRINITY_DN267_c0_g2_i1	NA	NA	NA	NA	2.82295778076559	11.0504508540161	2.73235953965436e-06	0.000434014873964153
TRINITY_DN7982_c0_g2_i2	NA	NA	NA	NA	3.27407726986248	11.5018314052569	1.21995573245921e-06	0.000289531376363526
TRINITY_DN8335_c0_g2_i5	NA	NA	NA	NA	3.39505033323212	11.6228067782918	9.82808431673405e-07	0.000250964487242375
TRINITY_DN8257_c0_g1_i2	NA	NA	NA	NA	0.928251846654612	9.13616830826317	8.19943923760098e-05	0.00395711214689293
TRINITY_DN3925_c0_g1_i1	NA	NA	NA	NA	0.357001840920201	8.54083666077031	0.000232183769392441	0.00837896812156298
TRINITY_DN3034_c0_g1_i1	NA	NA	NA	NA	3.06989815548708	4.80398114417453	0.00186095569739124	0.0469263241043419
TRINITY_DN8552_c0_g1_i7	NA	NA	NA	NA	6.17919774676098	5.23962362417655	0.000725204710179219	0.021019475026502
TRINITY_DN8222_c4_g2_i2	NA	NA	NA	NA	2.20252559056752	10.428380568736	8.29134655091984e-06	0.000862171824596423
TRINITY_DN8743_c0_g1_i1	NA	NA	NA	NA	1.14922411501767	-9.25221560823011	0.000118645041379914	0.00518057666614069
TRINITY_DN8519_c1_g8_i6	NA	NA	NA	NA	3.94365163185826	12.1712404210526	3.68905543557363e-07	0.000140413802456277
TRINITY_DN7993_c0_g1_i3	NA	NA	NA	NA	2.84130654087495	11.0688207727675	2.64417265085708e-06	0.000430168507143064
TRINITY_DN5355_c0_g1_i3	NA	NA	NA	NA	1.48507134058765	9.70469763268129	3.00296630870458e-05	0.00194162946620184
TRINITY_DN3980_c0_g1_i1	NA	NA	NA	NA	2.12496302081638	10.3504362185459	9.52688416529128e-06	0.000932940943040878
TRINITY_DN8560_c1_g4_i6	NA	NA	NA	NA	0.0646130128341675	8.22861754994908	0.000398130857317569	0.0124712636407878
TRINITY_DN6260_c0_g1_i2	NA	NA	NA	NA	0.709779073005384	8.91032777878176	0.000121891755900642	0.00522064202077208
TRINITY_DN5705_c0_g1_i3	NA	NA	NA	NA	1.19574507184902	9.41034619752506	5.05627955139765e-05	0.00284123474624916
TRINITY_DN719_c0_g2_i1	NA	NA	NA	NA	0.601252074310362	8.79736192001196	0.000148526365073072	0.00602861642378085
TRINITY_DN7745_c0_g1_i3	NA	NA	NA	NA	0.143259248074654	8.31323158398307	0.00034418888600322	0.0111989070924886
TRINITY_DN914_c0_g1_i1	NA	NA	NA	NA	0.735711408514762	8.93723929823206	0.000116277666736495	0.00508821989387271
TRINITY_DN4359_c0_g1_i2	NA	NA	NA	NA	1.01697721963623	-9.10985699043459	0.000151879747348319	0.00614002032716962
TRINITY_DN8158_c0_g1_i3	NA	NA	NA	NA	3.45606690656412	6.46557161874802	0.000127574322648522	0.00539724527457951
TRINITY_DN8545_c3_g2_i1	NA	NA	NA	NA	0.905513661251844	9.11275136720843	8.5442174290735e-05	0.00402716117282009
TRINITY_DN3609_c0_g1_i1	NA	NA	NA	NA	6.46487381366594	4.68588989714197	0.0018895721743455	0.0475291015873713
TRINITY_DN6939_c0_g1_i2	NA	NA	NA	NA	2.97474906509532	11.2023859226092	2.08296477501789e-06	0.000370754835658599
TRINITY_DN14038_c0_g2_i1	NA	NA	NA	NA	0.254112444569743	-8.27139837064798	0.000634782221953915	0.0187763368965928
TRINITY_DN3715_c0_g2_i1	NA	NA	NA	NA	0.453364335386432	8.64245213437764	0.000194593605204847	0.00739272466628507
TRINITY_DN8598_c2_g2_i1	NA	NA	NA	NA	8.90981120171553	4.82751495954117	0.00145229031163048	0.0384980978403702
TRINITY_DN6515_c0_g1_i2	NA	NA	NA	NA	0.453364335386432	8.64245213437764	0.000194593605204847	0.00739272466628507
TRINITY_DN2684_c0_g2_i1	NA	NA	NA	NA	1.60368191070807	9.82485354790284	2.42644405539485e-05	0.00169372511866714
TRINITY_DN7951_c0_g2_i1	NA	NA	NA	NA	3.67633407523873	-8.54380070690601	1.0038836440005e-05	0.000966018476754686
TRINITY_DN6860_c0_g2_i2	NA	NA	NA	NA	1.71801552890376	5.00521302674916	0.00185265947000275	0.0468342098851698
TRINITY_DN7342_c0_g1_i1	NA	NA	NA	NA	5.36151533245479	6.63426688726716	6.82025164236325e-05	0.00346561552597969
TRINITY_DN7074_c0_g1_i1	NA	NA	NA	NA	5.26389339917155	-6.81578726524403	5.36780214013003e-05	0.00295859761127987
TRINITY_DN7718_c0_g2_i1	NA	NA	NA	NA	3.10831502700083	6.42956760035074	0.000150304272441859	0.00608853029712776
TRINITY_DN6665_c0_g1_i1	NA	NA	NA	NA	4.5466582347846	12.7739363456123	1.25742976099311e-07	0.000103076979989703
TRINITY_DN6335_c0_g1_i3	NA	NA	NA	NA	1.89918521571899	10.1232143775456	1.42778967964437e-05	0.00121530806782557
TRINITY_DN8582_c0_g1_i4	NA	NA	NA	NA	4.82325278486058	4.72516753487822	0.00184063284277771	0.0467057689778047
TRINITY_DN5773_c0_g1_i1	NA	NA	NA	NA	3.88580693807321	12.1134220233091	4.09046883048262e-07	0.000144380175450131
TRINITY_DN6192_c0_g3_i1	NA	NA	NA	NA	0.0236798939103389	8.18437372444889	0.000429546600260437	0.0132092127546552
TRINITY_DN6079_c0_g2_i3	NA	NA	NA	NA	3.88168970183042	8.16673661596034	1.02175826646457e-05	0.000974556171739471
TRINITY_DN7961_c1_g1_i1	NA	NA	NA	NA	3.89756272070709	12.1251725630279	4.00549656340742e-07	0.000144380175450131
TRINITY_DN8439_c0_g1_i2	NA	NA	NA	NA	4.14448077382445	12.3719707516718	2.57750018726452e-07	0.000120920723901598
TRINITY_DN4802_c0_g2_i1	NA	NA	NA	NA	0.927567489390257	-9.01317677069542	0.000179510593970655	0.00700438532334627
TRINITY_DN6132_c0_g1_i1	NA	NA	NA	NA	4.55781743043981	12.7850896732108	1.23264219005124e-07	0.000103076979989703
TRINITY_DN7226_c0_g1_i1	NA	NA	NA	NA	2.71249503509711	5.22495593437009	0.00101961889228945	0.0280610803740178
TRINITY_DN8569_c0_g1_i2	NA	NA	NA	NA	5.77799996575249	5.74040475154592	0.000307235482656839	0.0102613599199278
TRINITY_DN561_c0_g1_i1	NA	NA	NA	NA	1.03696082924025	9.24786983420597	6.73530141827693e-05	0.00343109180583082
TRINITY_DN8498_c2_g1_i5	NA	NA	NA	NA	3.327167057975	11.5549247602896	1.10954454311482e-06	0.000269672796003075
TRINITY_DN6912_c0_g1_i1	NA	NA	NA	NA	1.1768099643468	9.39100952380638	5.23198614035939e-05	0.0029156037682174
TRINITY_DN8284_c0_g1_i12	NA	NA	NA	NA	2.03245463022773	10.2574004824161	1.12441038442509e-05	0.00102174462545078
TRINITY_DN13364_c0_g1_i1	NA	NA	NA	NA	0.874134353374372	-5.60041528527746	0.00178882029489916	0.0457032697469983
TRINITY_DN3677_c0_g1_i2	NA	NA	NA	NA	2.91823558380361	11.145826883559	2.30439982825359e-06	0.00038738881446133
TRINITY_DN1597_c0_g2_i1	NA	NA	NA	NA	0.750808601063831	-8.82093051548539	0.000249905667962151	0.00884446849087804
TRINITY_DN8081_c0_g1_i11	NA	NA	NA	NA	0.656509714265737	8.8549502481589	0.000134300025834344	0.00557455642213216
TRINITY_DN4698_c0_g2_i1	NA	NA	NA	NA	0.499496047723264	-8.54476498984075	0.000400346017049374	0.0125212096154062
TRINITY_DN8329_c0_g1_i4	NA	NA	NA	NA	3.14592538973081	-11.3368697998	2.98455848608078e-06	0.000459599223967234
TRINITY_DN7053_c0_g2_i1	NA	NA	NA	NA	5.91301062077139	-5.10301193859685	0.000936026422017011	0.0260088994646683
TRINITY_DN528_c0_g1_i1	NA	NA	NA	NA	2.04435870586209	-10.1992365977123	2.25164429349629e-05	0.00162222929759645
TRINITY_DN6742_c0_g1_i4	NA	NA	NA	NA	5.47080161292679	4.75718506769642	0.00170396647754819	0.0440129523067601
TRINITY_DN1250_c0_g2_i1	NA	NA	NA	NA	2.11811244074738	5.41987170903927	0.000898784776244645	0.0252875666543699
TRINITY_DN6312_c0_g2_i3	NA	NA	NA	NA	5.35178532869705	9.08508331335563	1.50456499561005e-06	0.000318408973519448
TRINITY_DN3042_c0_g1_i1	NA	NA	NA	NA	1.58937124709407	9.81037004618855	2.48963403769874e-05	0.00172588960283494
TRINITY_DN7807_c2_g2_i4	NA	NA	NA	NA	2.17392244758195	10.3996426548027	8.72709590050613e-06	0.00088025852800455
TRINITY_DN8365_c0_g2_i2	NA	NA	NA	NA	4.39521974330295	12.622578025976	1.64755223070166e-07	0.000103076979989703
TRINITY_DN8430_c0_g1_i4	NA	NA	NA	NA	1.03696082924025	9.24786983420597	6.73530141827693e-05	0.00343109180583082
TRINITY_DN506_c0_g2_i1	NA	NA	NA	NA	2.83521608654894	11.062723419101	2.67312381806214e-06	0.00043139941425414
TRINITY_DN708_c0_g2_i1	NA	NA	NA	NA	1.13819161148628	9.35154084768447	5.60964373687556e-05	0.00304202535225782
TRINITY_DN827_c0_g1_i1	NA	NA	NA	NA	0.357001840920201	8.54083666077031	0.000232183769392441	0.00837896812156298
TRINITY_DN6188_c0_g2_i1	NA	NA	NA	NA	6.36681506573512	6.56224219625282	7.14989870126108e-05	0.00356135571606271
TRINITY_DN10798_c0_g2_i1	NA	NA	NA	NA	0.38982172947472	8.57550984491727	0.000218616785970837	0.00808868074981077
TRINITY_DN6665_c0_g1_i2	NA	NA	NA	NA	0.283595459563254	-8.30445911419756	0.000600558525013258	0.0178162751839595
TRINITY_DN8448_c0_g2_i1	NA	NA	NA	NA	1.30449730611541	9.5212204490668	4.15615773642197e-05	0.0024515254390889
TRINITY_DN16473_c0_g1_i1	NA	NA	NA	NA	1.96734424234462	10.1918669612396	1.26357115883124e-05	0.00111310135314859
TRINITY_DN16943_c0_g1_i1	NA	NA	NA	NA	0.708327332550013	-8.77449252054038	0.000270608973903375	0.00929982083569468
TRINITY_DN561_c0_g4_i1	NA	NA	NA	NA	0.289106490473772	8.46888551286467	0.000263032197671259	0.00911709368319983
TRINITY_DN7765_c0_g1_i3	NA	NA	NA	NA	1.70388278983898	-9.84202968834156	4.2278821899372e-05	0.00248656173229164
TRINITY_DN8294_c0_g2_i2	NA	NA	NA	NA	1.73956819650873	9.96221245177167	1.9011226534837e-05	0.00149227032251855
TRINITY_DN8545_c3_g1_i9	NA	NA	NA	NA	2.87512299880199	7.15514644692121	6.2546243396891e-05	0.00326032394843794
TRINITY_DN8414_c0_g2_i1	NA	NA	NA	NA	3.53114570993355	-4.78805672547667	0.00188762541878761	0.0475291015873713
TRINITY_DN6628_c0_g1_i1	NA	NA	NA	NA	2.56786211338882	10.7949278543281	4.31191107715617e-06	0.000572264356312312
TRINITY_DN8468_c0_g3_i2	NA	NA	NA	NA	0.193217343980983	-8.20291336479402	0.000711789517871706	0.0207540978936837
TRINITY_DN7343_c0_g1_i2	NA	NA	NA	NA	1.13819161148628	9.35154084768447	5.60964373687556e-05	0.00304202535225782
TRINITY_DN8564_c0_g2_i13	NA	NA	NA	NA	0.994434901478148	9.20422146873081	7.27373283043451e-05	0.00360523371961561
TRINITY_DN4345_c0_g1_i1	NA	NA	NA	NA	1.60368191070807	9.82485354790284	2.42644405539485e-05	0.00169372511866714
TRINITY_DN2517_c0_g1_i1	NA	NA	NA	NA	1.93366342760632	10.1579489965582	1.34220639177938e-05	0.00115710810005835
TRINITY_DN6677_c0_g1_i7	NA	NA	NA	NA	0.0236798939103389	8.18437372444889	0.000429546600260437	0.0132092127546552
TRINITY_DN7240_c0_g2_i1	NA	NA	NA	NA	2.26715475181952	10.4932899184196	7.3853469125634e-06	0.00082311935506708
TRINITY_DN8339_c0_g1_i2	NA	NA	NA	NA	5.7808949022688	14.0076298190474	1.39329170825112e-08	4.68447893842496e-05
TRINITY_DN8582_c0_g1_i9	NA	NA	NA	NA	3.01574292171306	5.34250398883941	0.000797210718527599	0.0229347126854071
TRINITY_DN7886_c0_g1_i4	NA	NA	NA	NA	3.08669580308162	11.3143986746273	1.70521367981375e-06	0.000333973549154201
TRINITY_DN8533_c0_g1_i6	NA	NA	NA	NA	1.52597186388439	5.78246663149179	0.00071424951124589	0.0207913324016676
TRINITY_DN8509_c0_g1_i2	NA	NA	NA	NA	3.76266570641264	11.9903320086039	5.09656779577192e-07	0.000163195336736678
TRINITY_DN8044_c0_g1_i3	NA	NA	NA	NA	3.56548163515959	6.09597174783387	0.000218214255190545	0.00808868074981077
TRINITY_DN6534_c0_g1_i3	NA	NA	NA	NA	0.0646130128341675	8.22861754994908	0.000398130857317569	0.0124712636407878
TRINITY_DN8544_c0_g1_i3	NA	NA	NA	NA	2.66324298978395	-10.841243517895	7.21180259620235e-06	0.000812758065772011
TRINITY_DN8483_c0_g1_i2	NA	NA	NA	NA	0.0646130128341675	8.22861754994908	0.000398130857317569	0.0124712636407878
TRINITY_DN6794_c0_g1_i1	NA	NA	NA	NA	2.17392244758195	10.3996426548027	8.72709590050613e-06	0.00088025852800455
TRINITY_DN11402_c0_g2_i1	NA	NA	NA	NA	4.78359260795617	-12.9979802219104	1.54101280116315e-07	0.000103076979989703
TRINITY_DN7945_c1_g1_i2	NA	NA	NA	NA	2.63946569786503	10.8666791174373	3.7935515156183e-06	0.000510182098163787
TRINITY_DN2862_c0_g1_i1	NA	NA	NA	NA	1.61576085083586	-9.74902507431503	4.97882476955606e-05	0.00284123474624916
TRINITY_DN8293_c0_g2_i1	NA	NA	NA	NA	5.60137860180524	5.39489210372151	0.000563691066194911	0.0169975185027652
TRINITY_DN1266_c0_g2_i1	NA	NA	NA	NA	1.85190709621664	10.0755611155453	1.55411520106535e-05	0.00129017143831651
TRINITY_DN8591_c0_g1_i4	NA	NA	NA	NA	4.20536659986049	6.38309342863435	0.00012156287290257	0.00522064202077208
TRINITY_DN3574_c0_g3_i1	NA	NA	NA	NA	0.572830726016005	8.76768213096688	0.000156428884659021	0.0062861352394949
TRINITY_DN611_c0_g1_i1	NA	NA	NA	NA	0.323441363318388	8.50530959040812	0.000246943216981433	0.0087703970355043
TRINITY_DN2914_c0_g1_i1	NA	NA	NA	NA	2.23980782380491	10.465828429451	7.75593110006362e-06	0.000843827003520633
TRINITY_DN8135_c1_g1_i2	NA	NA	NA	NA	1.86529639014505	-10.0117800222595	3.13516706532115e-05	0.00200780080027694
TRINITY_DN7731_c0_g1_i1	NA	NA	NA	NA	0.601252074310362	8.79736192001196	0.000148526365073072	0.00602861642378085
TRINITY_DN8279_c2_g2_i2	NA	NA	NA	NA	5.18499327535709	13.4119590396017	4.02810411895119e-08	7.38717676287294e-05
TRINITY_DN1755_c0_g1_i1	NA	NA	NA	NA	0.905513661251844	9.11275136720843	8.5442174290735e-05	0.00402716117282009
TRINITY_DN7696_c0_g2_i4	NA	NA	NA	NA	0.945907749513403	-9.03303807906386	0.000173458197272727	0.00681859646530662
TRINITY_DN8499_c0_g1_i2	NA	NA	NA	NA	4.69890653745277	12.9261054401543	9.58354086236584e-08	0.000103076979989703
TRINITY_DN1190_c0_g1_i1	NA	NA	NA	NA	1.71338394587442	9.93576702296371	1.99259947229355e-05	0.00152839198306379
TRINITY_DN6933_c0_g1_i13	NA	NA	NA	NA	2.0858258778033	-10.2425277226448	2.08570505404858e-05	0.00156175594258624
TRINITY_DN7270_c0_g1_i2	NA	NA	NA	NA	6.44997898231523	5.02224517790181	0.00105357095588695	0.0288772919743306
TRINITY_DN6018_c0_g2_i3	NA	NA	NA	NA	3.8378028555091	12.065438755272	4.45658324207872e-07	0.000149817735362402
TRINITY_DN7192_c0_g3_i3	NA	NA	NA	NA	2.09797977600158	5.39912962124484	0.00093208765234714	0.0259710002911586
TRINITY_DN7253_c0_g1_i5	NA	NA	NA	NA	4.03324935960584	8.3187069490899	7.78029161031269e-06	0.000843827003520633
TRINITY_DN7098_c0_g2_i1	NA	NA	NA	NA	2.09477594982803	10.3200860810584	1.00562078083817e-05	0.000966018476754686
TRINITY_DN7889_c0_g1_i1	NA	NA	NA	NA	5.69121397752857	5.10197667746538	0.000933555109321308	0.0259760099590879
TRINITY_DN6677_c0_g1_i1	NA	NA	NA	NA	0.217966289654807	8.39315673990408	0.000299848662588117	0.0100479187215782
TRINITY_DN2533_c0_g1_i1	NA	NA	NA	NA	0.453364335386432	8.64245213437764	0.000194593605204847	0.00739272466628507
TRINITY_DN8024_c1_g1_i8	NA	NA	NA	NA	0.543853837408771	8.73737890755762	0.000164925093457173	0.006549279351007
TRINITY_DN7152_c0_g2_i1	NA	NA	NA	NA	2.77921759956395	11.0066555979031	2.95463831523993e-06	0.000458491682564116
TRINITY_DN4993_c0_g2_i1	NA	NA	NA	NA	1.23289830613041	9.44825897638668	4.72859610255129e-05	0.00271766293950904
TRINITY_DN6907_c0_g1_i1	NA	NA	NA	NA	0.38982172947472	8.57550984491727	0.000218616785970837	0.00808868074981077
TRINITY_DN4651_c0_g2_i1	NA	NA	NA	NA	3.26891789941195	6.01592806414854	0.000265075171404544	0.00916488870374297
TRINITY_DN6816_c0_g1_i1	NA	NA	NA	NA	1.11272706409976	5.352427051953	0.00151159097894904	0.0399127288198154
TRINITY_DN5318_c0_g1_i2	NA	NA	NA	NA	0.0646130128341675	8.22861754994908	0.000398130857317569	0.0124712636407878
TRINITY_DN7308_c2_g2_i3	NA	NA	NA	NA	1.83383270045692	5.53523456433393	0.000851542573302258	0.0242546169241656
TRINITY_DN8065_c0_g1_i8	NA	NA	NA	NA	1.71338394587442	9.93576702296371	1.99259947229355e-05	0.00152839198306379
TRINITY_DN8582_c0_g1_i15	NA	NA	NA	NA	1.98198381496338	5.27938971907593	0.00114949473144306	0.0313785618638711
TRINITY_DN7918_c1_g1_i1	NA	NA	NA	NA	3.11715159613058	11.3448674377941	1.61487341245196e-06	0.000328349342205053
TRINITY_DN8413_c0_g2_i17	NA	NA	NA	NA	2.8417705037463	5.84215751822318	0.000386946070086164	0.0122733696098242
TRINITY_DN6326_c0_g3_i1	NA	NA	NA	NA	0.905513661251844	9.11275136720843	8.5442174290735e-05	0.00402716117282009
TRINITY_DN6288_c0_g1_i2	NA	NA	NA	NA	7.5410793644623	8.32919683640243	3.11322535529859e-06	0.000464133677482547
TRINITY_DN18909_c0_g1_i1	NA	NA	NA	NA	2.59501928253073	5.10383568849397	0.00126069697528212	0.0338192022371891
TRINITY_DN8546_c0_g4_i1	NA	NA	NA	NA	0.104454053076388	8.27154480449389	0.000369804020000016	0.0118413595166037
TRINITY_DN8497_c0_g1_i2	NA	NA	NA	NA	0.761196821019198	8.96365799862659	0.000111015121040904	0.00491120183499596
TRINITY_DN8024_c1_g1_i11	NA	NA	NA	NA	1.25112820835169	9.4668481772012	4.57571788938409e-05	0.00264857078133487
TRINITY_DN7589_c0_g2_i2	NA	NA	NA	NA	1.19574507184902	9.41034619752506	5.05627955139765e-05	0.00284123474624916
TRINITY_DN5717_c0_g1_i4	NA	NA	NA	NA	0.0646130128341675	8.22861754994908	0.000398130857317569	0.0124712636407878
TRINITY_DN8609_c1_g4_i1	NA	NA	NA	NA	1.05404279297997	-5.79797563203461	0.00127729853695812	0.0342190483214557
TRINITY_DN6201_c0_g1_i1	NA	NA	NA	NA	0.735711408514762	8.93723929823206	0.000116277666736495	0.00508821989387271
TRINITY_DN8521_c1_g1_i1	NA	NA	NA	NA	2.94676814450308	11.1743835510583	2.18980427026999e-06	0.000377563432001337
TRINITY_DN8113_c0_g1_i1	NA	NA	NA	NA	4.30318168813641	12.5305887761118	1.941667198537e-07	0.000103076979989703
TRINITY_DN7411_c0_g2_i1	NA	NA	NA	NA	3.27816638003239	-7.20610905938491	5.88666884804118e-05	0.00311684437458096
TRINITY_DN8142_c0_g2_i1	NA	NA	NA	NA	1.82768016697539	10.0511309261833	1.62313353444738e-05	0.00132030132219383
TRINITY_DN22375_c0_g1_i1	NA	NA	NA	NA	2.60939240908555	-4.95149762865731	0.00173680372713793	0.044689466310655
TRINITY_DN7740_c0_g4_i1	NA	NA	NA	NA	3.88057326768833	-6.27653670853225	0.000168136977044042	0.00665064164295974
TRINITY_DN4144_c0_g2_i1	NA	NA	NA	NA	5.99575014082091	-4.77426903133816	0.00164713675957056	0.0429275266461523
TRINITY_DN8586_c0_g1_i2	NA	NA	NA	NA	4.55261175651355	7.88398224803028	1.11136285112796e-05	0.00101906921799111
TRINITY_DN425_c0_g1_i1	NA	NA	NA	NA	0.510555700437228	5.64578783680927	0.0015917769937924	0.0416484011618341
TRINITY_DN243_c0_g1_i3	NA	NA	NA	NA	0.871072782734959	-8.95189761853455	0.000199521226073594	0.00755148535381355
TRINITY_DN7303_c0_g1_i1	NA	NA	NA	NA	0.629138555623814	8.82644341052036	0.000141165586343721	0.00582358563049465
TRINITY_DN5312_c0_g1_i5	NA	NA	NA	NA	1.83638987994554	-9.98143610535186	3.30748640258845e-05	0.00208506009998178
TRINITY_DN6906_c0_g1_i2	NA	NA	NA	NA	2.2212862860514	10.4472259993816	8.01744637499779e-06	0.000860297583632077
TRINITY_DN7920_c0_g3_i1	NA	NA	NA	NA	2.54567271564095	10.7726876698101	4.48651236898254e-06	0.000580169320637723
TRINITY_DN1201_c0_g1_i1	NA	NA	NA	NA	4.354372094806	-7.74187440833515	1.71071423350426e-05	0.00136989589862192
TRINITY_DN8081_c0_g1_i3	NA	NA	NA	NA	1.35599243289456	9.57361774699047	3.7880463296164e-05	0.00228108234648811
TRINITY_DN8495_c0_g4_i1	NA	NA	NA	NA	1.31299079734341	-9.42751606478943	8.74267119930625e-05	0.00410153270008384
TRINITY_DN6601_c0_g1_i3	NA	NA	NA	NA	3.76852217187671	6.52205715778051	0.000107482339428858	0.00478640448851733
TRINITY_DN10965_c0_g1_i1	NA	NA	NA	NA	1.5749190734646	9.79573966593849	2.55512667298137e-05	0.00174137062074504
TRINITY_DN6897_c0_g1_i6	NA	NA	NA	NA	4.13559609026488	-5.31025592020108	0.000746331301268542	0.0215698300007024
TRINITY_DN8364_c0_g1_i3	NA	NA	NA	NA	2.02238017458939	-5.89769532011165	0.000597069595305194	0.017765022044383
TRINITY_DN8178_c0_g3_i2	NA	NA	NA	NA	4.35484540560156	4.98857748599079	0.00120741622376353	0.0326942382308479
TRINITY_DN8092_c0_g3_i2	NA	NA	NA	NA	0.514299517453624	8.70642549589023	0.000174073126437957	0.00681859646530662
TRINITY_DN3134_c0_g1_i1	NA	NA	NA	NA	1.71338394587442	9.93576702296371	1.99259947229355e-05	0.00152839198306379
TRINITY_DN8582_c0_g1_i5	NA	NA	NA	NA	4.39936101728917	12.626717100834	1.63542124872301e-07	0.000103076979989703
TRINITY_DN8498_c2_g1_i2	NA	NA	NA	NA	4.4739062986277	12.7012228309596	1.43172271980816e-07	0.000103076979989703
TRINITY_DN8293_c2_g2_i1	NA	NA	NA	NA	2.20252559056752	10.428380568736	8.29134655091984e-06	0.000862171824596423
TRINITY_DN8036_c0_g1_i1	NA	NA	NA	NA	2.11678188715985	-5.015294110683	0.00183342076527622	0.0465813565464953
TRINITY_DN20931_c0_g2_i1	NA	NA	NA	NA	1.31299079734341	-9.42751606478943	8.74267119930625e-05	0.00410153270008384
TRINITY_DN5804_c1_g3_i1	NA	NA	NA	NA	1.82768016697539	10.0511309261833	1.62313353444738e-05	0.00132030132219383
TRINITY_DN21734_c0_g1_i1	NA	NA	NA	NA	0.812222162548234	-8.88789969765187	0.000222755053852247	0.00817103063034229
TRINITY_DN6338_c0_g1_i1	NA	NA	NA	NA	5.99896813477383	4.6991591081403	0.00186047658977768	0.0469263241043419
TRINITY_DN6382_c0_g1_i2	NA	NA	NA	NA	2.12496302081638	10.3504362185459	9.52688416529128e-06	0.000932940943040878
TRINITY_DN4874_c1_g1_i1	NA	NA	NA	NA	2.21254996074633	-7.0346495971847	0.000147646886856646	0.00602861642378085
TRINITY_DN6335_c0_g1_i1	NA	NA	NA	NA	0.253961052466048	8.431517955983	0.000280607425793534	0.00951377075719825
TRINITY_DN8222_c2_g1_i3	NA	NA	NA	NA	1.46468326061626	5.71911811806896	0.000798104808662855	0.0229347126854071
TRINITY_DN2123_c0_g1_i1	NA	NA	NA	NA	2.10208182414585	-10.2594868728096	2.02406332042452e-05	0.0015466450516259
TRINITY_DN7223_c0_g2_i4	NA	NA	NA	NA	0.323441363318388	8.50530959040812	0.000246943216981433	0.0087703970355043
TRINITY_DN7106_c0_g1_i2	NA	NA	NA	NA	7.22869133384784	-7.73609373099643	9.09895772607799e-06	0.000913200369194882
TRINITY_DN658_c0_g2_i1	NA	NA	NA	NA	1.25560397173002	-9.36620660953179	9.72936938068624e-05	0.0044405105999227
TRINITY_DN2905_c0_g1_i1	NA	NA	NA	NA	0.709779073005384	8.91032777878176	0.000121891755900642	0.00522064202077208
TRINITY_DN8576_c0_g1_i1	NA	NA	NA	NA	0.0646130128341675	8.22861754994908	0.000398130857317569	0.0124712636407878
TRINITY_DN11622_c0_g1_i1	NA	NA	NA	NA	2.40578897444811	-5.32318601102624	0.00107437961153069	0.0294076796518435
TRINITY_DN3795_c0_g1_i1	NA	NA	NA	NA	0.656509714265737	8.8549502481589	0.000134300025834344	0.00557455642213216
TRINITY_DN3682_c0_g2_i1	NA	NA	NA	NA	0.289106490473772	8.46888551286467	0.000263032197671259	0.00911709368319983
TRINITY_DN8155_c0_g1_i1	NA	NA	NA	NA	4.30318168813641	12.5305887761118	1.941667198537e-07	0.000103076979989703
TRINITY_DN7905_c0_g2_i1	NA	NA	NA	NA	0.601252074310362	8.79736192001196	0.000148526365073072	0.00602861642378085
TRINITY_DN8408_c0_g2_i5	NA	NA	NA	NA	6.95609625538643	-8.28300484455825	3.72492119372552e-06	0.000510182098163787
TRINITY_DN6882_c0_g1_i1	NA	NA	NA	NA	2.13148406937592	6.40258101568244	0.000239069451572775	0.00861205008317426
TRINITY_DN7908_c0_g3_i2	NA	NA	NA	NA	0.810886054853327	9.01508690462336	0.000101436761490682	0.00455742492105018
TRINITY_DN7249_c0_g1_i3	NA	NA	NA	NA	0.104454053076388	8.27154480449389	0.000369804020000016	0.0118413595166037
TRINITY_DN7074_c0_g1_i2	NA	NA	NA	NA	2.71434718248986	10.9416906559953	3.31805898360664e-06	0.000485037709248527
TRINITY_DN5717_c0_g1_i1	NA	NA	NA	NA	2.08457272232868	10.3098258066213	1.02417046749996e-05	0.000974556171739471
TRINITY_DN500_c0_g1_i1	NA	NA	NA	NA	0.38982172947472	8.57550984491727	0.000218616785970837	0.00808868074981077
TRINITY_DN6550_c0_g1_i2	NA	NA	NA	NA	2.78871988587689	-10.9704591288633	5.73110050276853e-06	0.000697194233686464
TRINITY_DN18991_c0_g2_i1	NA	NA	NA	NA	1.22601564288464	-9.33454632846974	0.000102811236059692	0.00460891347784927
TRINITY_DN7830_c0_g3_i10	NA	NA	NA	NA	2.41978631761136	7.61073635791418	5.00267375960031e-05	0.00284123474624916
TRINITY_DN7201_c0_g1_i1	NA	NA	NA	NA	3.09721638215986	6.10198004685982	0.000243918122146919	0.0087703970355043
TRINITY_DN5019_c0_g1_i1	NA	NA	NA	NA	0.524290900960635	-8.57217283439607	0.000382142993409807	0.0121401111906394
TRINITY_DN6978_c0_g1_i1	NA	NA	NA	NA	0.357001840920201	8.54083666077031	0.000232183769392441	0.00837896812156298
TRINITY_DN7930_c0_g1_i1	NA	NA	NA	NA	1.11849516532933	9.33139406981592	5.81271862384428e-05	0.00308578875786344
TRINITY_DN4149_c0_g1_i1	NA	NA	NA	NA	1.42195354534739	9.64064587940862	3.36400012187645e-05	0.00210751473473956
TRINITY_DN4668_c0_g1_i1	NA	NA	NA	NA	0.0966016755027454	-8.09367535720147	0.000853654786901182	0.0242546169241656
TRINITY_DN2255_c0_g2_i1	NA	NA	NA	NA	1.11849516532933	9.33139406981592	5.81271862384428e-05	0.00308578875786344
TRINITY_DN8590_c2_g6_i1	NA	NA	NA	NA	2.23820503633016	7.42755165192697	6.93674749465671e-05	0.00350267042774625
TRINITY_DN2399_c0_g1_i1	NA	NA	NA	NA	0.0646130128341675	8.22861754994908	0.000398130857317569	0.0124712636407878
TRINITY_DN4822_c0_g2_i1	NA	NA	NA	NA	1.45979763318716	-9.58380514796558	6.65236303921141e-05	0.00342342141811254
TRINITY_DN8176_c0_g1_i1	NA	NA	NA	NA	2.74714551212055	10.9745387696376	3.12904278677571e-06	0.000464133677482547
TRINITY_DN8396_c2_g2_i1	NA	NA	NA	NA	0.0236798939103389	8.18437372444889	0.000429546600260437	0.0132092127546552
TRINITY_DN1531_c0_g2_i1	NA	NA	NA	NA	0.908985946805336	-8.99303821420834	0.000185859148826008	0.00716890365060623
TRINITY_DN8515_c0_g1_i1	NA	NA	NA	NA	5.36527269521544	5.86217495238667	0.000254477223266364	0.00899048866016176
TRINITY_DN1982_c0_g2_i1	NA	NA	NA	NA	4.0865960033823	12.3141153960085	2.8580957044399e-07	0.000122915114538485
TRINITY_DN2947_c0_g1_i2	NA	NA	NA	NA	3.59054867980584	4.74325391254564	0.00193516068167929	0.0483742211047289
TRINITY_DN7415_c0_g2_i4	NA	NA	NA	NA	4.74900062692966	5.2844899025954	0.000711933561811786	0.0207540978936837
TRINITY_DN561_c0_g2_i1	NA	NA	NA	NA	2.60879635886493	-7.44745320382967	7.10082369969611e-05	0.00354566624985073
TRINITY_DN10476_c0_g2_i1	NA	NA	NA	NA	1.70011352366773	9.92236027374089	2.04063482290382e-05	0.00155342363329957
TRINITY_DN7635_c0_g1_i1	NA	NA	NA	NA	4.98783707758945	8.72055821907404	2.89247663053069e-06	0.000452325047036399
TRINITY_DN5159_c0_g1_i1	NA	NA	NA	NA	0.104454053076388	8.27154480449389	0.000369804020000016	0.0118413595166037
TRINITY_DN8082_c0_g1_i3	NA	NA	NA	NA	0.289106490473772	8.46888551286467	0.000263032197671259	0.00911709368319983
TRINITY_DN8552_c0_g1_i8	NA	NA	NA	NA	5.24002469047132	-5.19034379015667	0.000829707072428451	0.0237077631332849
TRINITY_DN4109_c0_g1_i1	NA	NA	NA	NA	6.18287849157245	14.4094924744213	6.81224724215555e-09	4.13813836092265e-05
TRINITY_DN6429_c0_g1_i2	NA	NA	NA	NA	1.48507134058765	9.70469763268129	3.00296630870458e-05	0.00194162946620184
TRINITY_DN6982_c0_g1_i1	NA	NA	NA	NA	4.13459691190949	7.14999153911545	3.74829886079989e-05	0.00227070369125874
TRINITY_DN1519_c0_g2_i1	NA	NA	NA	NA	0.656509714265737	8.8549502481589	0.000134300025834344	0.00557455642213216
TRINITY_DN8033_c0_g1_i3	NA	NA	NA	NA	3.76671285276379	5.29571755847707	0.000763740282723831	0.0220413915928295
TRINITY_DN5518_c0_g1_i3	NA	NA	NA	NA	2.89499752992943	11.122567457318	2.40215164711436e-06	0.000397201681780639
TRINITY_DN5454_c0_g1_i4	NA	NA	NA	NA	1.40573960318843	9.624178531024	3.46359120341566e-05	0.00216318963921065
TRINITY_DN8526_c5_g3_i2	NA	NA	NA	NA	2.02180317258358	10.246682871782	1.14607691192023e-05	0.0010321343546503
TRINITY_DN8498_c2_g1_i10	NA	NA	NA	NA	3.45194057558687	11.6796914772712	8.8782317557092e-07	0.00023259814182847
TRINITY_DN4790_c0_g3_i1	NA	NA	NA	NA	1.07829272774388	9.2902363177692	6.25051011385662e-05	0.00326032394843794
TRINITY_DN6926_c0_g1_i3	NA	NA	NA	NA	1.67147247838764	-9.80785169841188	4.48981702376224e-05	0.00261017518214281
TRINITY_DN20910_c0_g1_i1	NA	NA	NA	NA	0.323441363318388	8.50530959040812	0.000246943216981433	0.0087703970355043
TRINITY_DN2207_c0_g2_i1	NA	NA	NA	NA	2.07429741250836	10.2994920393564	1.04319781861812e-05	0.000978810678836437
TRINITY_DN10586_c0_g1_i1	NA	NA	NA	NA	6.88083085523311	-4.66857283325252	0.00194540252363459	0.0485700558283175
TRINITY_DN8561_c1_g1_i5	NA	NA	NA	NA	8.18433269117612	6.38165797016453	9.32928650719814e-05	0.00428700903666761
TRINITY_DN6860_c0_g2_i3	NA	NA	NA	NA	3.56518033194658	-5.07028422119976	0.00119282023411684	0.0323424228263965
TRINITY_DN6420_c0_g1_i3	NA	NA	NA	NA	0.0236798939103389	8.18437372444889	0.000429546600260437	0.0132092127546552
TRINITY_DN8492_c5_g1_i2	NA	NA	NA	NA	2.45582245512321	-5.78643794029528	0.000555794037444849	0.0167844807146331
TRINITY_DN8341_c0_g1_i2	NA	NA	NA	NA	6.39132683479394	4.71046468126541	0.00181272179522041	0.0461717636047745
TRINITY_DN8545_c3_g1_i1	NA	NA	NA	NA	1.78851181907089	6.97198775830367	0.000156017893009819	0.0062861352394949
TRINITY_DN4671_c0_g1_i1	NA	NA	NA	NA	2.36323872917281	10.5897331353672	6.21837512173012e-06	0.000729321403085242
TRINITY_DN8523_c1_g1_i1	NA	NA	NA	NA	5.02140317841513	-6.3279427919806	0.00012405695891611	0.00530212083096331
TRINITY_DN7918_c0_g1_i2	NA	NA	NA	NA	1.60368191070807	9.82485354790284	2.42644405539485e-05	0.00169372511866714
TRINITY_DN3149_c0_g2_i1	NA	NA	NA	NA	3.09181650608881	11.3195216979328	1.68967805618456e-06	0.000333973549154201
TRINITY_DN8237_c1_g1_i29	NA	NA	NA	NA	2.02742912435823	-10.181549745925	2.32315507273652e-05	0.00166779385346313
TRINITY_DN8284_c0_g1_i9	NA	NA	NA	NA	4.1095237326432	12.3370315457181	2.74347187402189e-07	0.000122915114538485
TRINITY_DN4564_c0_g1_i1	NA	NA	NA	NA	0.0236798939103389	8.18437372444889	0.000429546600260437	0.0132092127546552
TRINITY_DN6802_c0_g1_i1	NA	NA	NA	NA	6.29624152713444	-14.5182380439572	1.02566260866571e-08	4.13813836092265e-05
TRINITY_DN7220_c0_g2_i1	NA	NA	NA	NA	1.85190709621664	10.0755611155453	1.55411520106535e-05	0.00129017143831651
TRINITY_DN8557_c0_g1_i1	NA	NA	NA	NA	0.664524946987733	-8.72650990587563	0.000293762313586553	0.00990981129093901
TRINITY_DN7830_c0_g3_i4	NA	NA	NA	NA	4.05383349860579	-12.2607111167246	5.74393115400661e-07	0.000174662202575002
TRINITY_DN4755_c0_g1_i1	NA	NA	NA	NA	1.33902756304539	9.55636256669414	3.90554635752008e-05	0.00231725254912508
TRINITY_DN8265_c2_g1_i5	NA	NA	NA	NA	2.76005969298279	10.9874714236922	3.05761069438552e-06	0.000463768274720594
TRINITY_DN8115_c2_g1_i5	NA	NA	NA	NA	8.70863020820919	6.19133750293026	0.000130164102480892	0.00547041758197298
TRINITY_DN18991_c0_g1_i1	NA	NA	NA	NA	1.51563795606288	9.73568774276227	2.84238623140971e-05	0.00188616636336276
TRINITY_DN4288_c0_g3_i1	NA	NA	NA	NA	2.84737148357427	11.0748924652166	2.61565461541709e-06	0.000428988622413081
TRINITY_DN6503_c0_g2_i1	NA	NA	NA	NA	0.217966289654807	8.39315673990408	0.000299848662588117	0.0100479187215782
TRINITY_DN7882_c0_g1_i2	NA	NA	NA	NA	6.04426138657802	14.2709141092789	8.71811674088923e-09	4.13813836092265e-05
TRINITY_DN4395_c0_g1_i1	NA	NA	NA	NA	0.656509714265737	8.8549502481589	0.000134300025834344	0.00557455642213216
TRINITY_DN4367_c0_g1_i1	NA	NA	NA	NA	2.94466187453365	7.22521935775353	5.51818477817446e-05	0.0030167572230383
TRINITY_DN8583_c1_g6_i1	NA	NA	NA	NA	0.708327332550013	-8.77449252054038	0.000270608973903375	0.00929982083569468
TRINITY_DN8017_c0_g1_i7	NA	NA	NA	NA	2.68756316572144	10.9148628182741	3.48086220861442e-06	0.000497030198217057
TRINITY_DN1471_c0_g1_i2	NA	NA	NA	NA	1.66663609154687	5.3623461666762	0.00115229494477199	0.031412494487683
TRINITY_DN6052_c0_g3_i1	NA	NA	NA	NA	2.76699920451551	5.76591102663111	0.000442909091558432	0.0135376705434075
TRINITY_DN6144_c0_g1_i1	NA	NA	NA	NA	0.48414455983493	8.67479338207368	0.000183938191515125	0.00712204440966336
TRINITY_DN5481_c0_g1_i3	NA	NA	NA	NA	1.05777187112577	9.26920858827421	6.48664076428859e-05	0.00335254849801691
TRINITY_DN356_c0_g1_i1	NA	NA	NA	NA	0.709779073005384	8.91032777878176	0.000121891755900642	0.00522064202077208
TRINITY_DN8454_c0_g1_i2	NA	NA	NA	NA	4.35100358477003	12.5783853393508	1.78282434621192e-07	0.000103076979989703
TRINITY_DN6999_c0_g1_i2	NA	NA	NA	NA	0.217966289654807	8.39315673990408	0.000299848662588117	0.0100479187215782
TRINITY_DN4922_c0_g2_i1	NA	NA	NA	NA	4.63807713920317	4.97311248910341	0.00121779495104139	0.0328869846684844
TRINITY_DN8133_c0_g4_i1	NA	NA	NA	NA	1.1768099643468	9.39100952380638	5.23198614035939e-05	0.0029156037682174
TRINITY_DN8242_c0_g1_i8	NA	NA	NA	NA	0.548655910880541	-8.59906968634739	0.00036506502082893	0.0118209577290241
TRINITY_DN8591_c0_g1_i1	NA	NA	NA	NA	3.7422052416328	4.98489088504387	0.00127907023511788	0.034221066118081
TRINITY_DN3648_c0_g1_i1	NA	NA	NA	NA	0.85895803626576	9.06474541297197	9.29651805787535e-05	0.00428170453839085
TRINITY_DN4477_c0_g2_i1	NA	NA	NA	NA	1.48507134058765	9.70469763268129	3.00296630870458e-05	0.00194162946620184
TRINITY_DN16366_c0_g1_i1	NA	NA	NA	NA	0.510555700437228	5.64578783680927	0.0015917769937924	0.0416484011618341
TRINITY_DN4953_c0_g1_i1	NA	NA	NA	NA	0.905513661251844	9.11275136720843	8.5442174290735e-05	0.00402716117282009
TRINITY_DN7548_c0_g1_i1	NA	NA	NA	NA	1.48507134058765	9.70469763268129	3.00296630870458e-05	0.00194162946620184
TRINITY_DN1857_c0_g1_i1	NA	NA	NA	NA	1.54557890291514	9.7660261381168	2.69345935065632e-05	0.00182332736512718
TRINITY_DN2605_c0_g1_i2	NA	NA	NA	NA	0.543853837408771	8.73737890755762	0.000164925093457173	0.006549279351007
TRINITY_DN1667_c0_g2_i1	NA	NA	NA	NA	0.729728064618108	-8.79789835534019	0.000259972451220663	0.00911709368319983
TRINITY_DN8411_c1_g7_i1	NA	NA	NA	NA	3.94642606873792	-5.75926439647805	0.000371411134211377	0.0118739727582347
TRINITY_DN8408_c0_g2_i4	NA	NA	NA	NA	8.31878129887208	5.77682652240855	0.000272839861298351	0.00934464944307577
TRINITY_DN14568_c0_g2_i1	NA	NA	NA	NA	0.253961052466048	8.431517955983	0.000280607425793534	0.00951377075719825
TRINITY_DN6850_c0_g1_i1	NA	NA	NA	NA	3.14697933746377	11.3747060072106	1.53104002535005e-06	0.000318408973519448
TRINITY_DN9789_c0_g1_i1	NA	NA	NA	NA	1.11849516532933	9.33139406981592	5.81271862384428e-05	0.00308578875786344
TRINITY_DN8074_c0_g2_i2	NA	NA	NA	NA	1.09853129828767	9.31096195931338	6.02611427568079e-05	0.00317401575152242
TRINITY_DN5717_c0_g1_i2	NA	NA	NA	NA	2.23980782380491	10.465828429451	7.75593110006362e-06	0.000843827003520633
TRINITY_DN8478_c0_g2_i1	NA	NA	NA	NA	4.3303311917276	8.06146563483327	9.43495492385655e-06	0.000932940943040878
TRINITY_DN952_c0_g1_i1	NA	NA	NA	NA	0.514299517453624	8.70642549589023	0.000174073126437957	0.00681859646530662
TRINITY_DN5488_c0_g1_i1	NA	NA	NA	NA	0.143259248074654	8.31323158398307	0.00034418888600322	0.0111989070924886
TRINITY_DN6256_c0_g1_i2	NA	NA	NA	NA	3.49152029538507	5.50524968870705	0.000564804785003626	0.0170056819819077
TRINITY_DN8036_c0_g2_i7	NA	NA	NA	NA	5.29044162471178	5.04454360839542	0.00104519467201289	0.0286866831544435
TRINITY_DN8374_c0_g3_i3	NA	NA	NA	NA	4.83890971144306	4.96501337983772	0.00122172637478587	0.0329490456665179
TRINITY_DN8237_c1_g1_i7	NA	NA	NA	NA	0.422372344669217	-8.45927161712359	0.000462721516471326	0.0140579535418314
TRINITY_DN8050_c0_g1_i13	NA	NA	NA	NA	6.42841216857	6.62446377717494	6.39542969800673e-05	0.00332512895097654
TRINITY_DN2670_c0_g1_i1	NA	NA	NA	NA	1.51563795606288	9.73568774276227	2.84238623140971e-05	0.00188616636336276
TRINITY_DN9435_c0_g1_i1	NA	NA	NA	NA	1.35455742269406	-9.47184669419056	8.09141787496469e-05	0.00393320898293163
TRINITY_DN8286_c0_g1_i1	NA	NA	NA	NA	0.572830726016005	8.76768213096688	0.000156428884659021	0.0062861352394949
TRINITY_DN7474_c0_g1_i1	NA	NA	NA	NA	0.810886054853327	9.01508690462336	0.000101436761490682	0.00455742492105018
TRINITY_DN6360_c0_g1_i2	NA	NA	NA	NA	2.81059481424901	11.0380729936215	2.79343181321756e-06	0.000440249218500296
TRINITY_DN7192_c0_g3_i2	NA	NA	NA	NA	5.16735657427853	8.90038296214762	2.09517926263225e-06	0.000370754835658599
TRINITY_DN3184_c0_g2_i1	NA	NA	NA	NA	1.82768016697539	10.0511309261833	1.62313353444738e-05	0.00132030132219383
TRINITY_DN5270_c0_g1_i5	NA	NA	NA	NA	4.36800792189158	12.5953806527532	1.72953456480094e-07	0.000103076979989703
TRINITY_DN677_c0_g2_i1	NA	NA	NA	NA	0.289106490473772	8.46888551286467	0.000263032197671259	0.00911709368319983
TRINITY_DN5569_c0_g1_i3	NA	NA	NA	NA	0.656509714265737	8.8549502481589	0.000134300025834344	0.00557455642213216
TRINITY_DN509_c0_g1_i1	NA	NA	NA	NA	2.20252559056752	10.428380568736	8.29134655091984e-06	0.000862171824596423
TRINITY_DN5956_c0_g1_i2	NA	NA	NA	NA	2.21097794018237	-10.3729267485402	1.65582085222913e-05	0.00134148088562322
TRINITY_DN6176_c0_g1_i2	NA	NA	NA	NA	0.289106490473772	8.46888551286467	0.000263032197671259	0.00911709368319983
TRINITY_DN8576_c1_g6_i12	NA	NA	NA	NA	0.48414455983493	8.67479338207368	0.000183938191515125	0.00712204440966336
TRINITY_DN8526_c4_g2_i1	NA	NA	NA	NA	2.58579428186746	6.30388251220191	0.000218927263639354	0.00808868074981077
TRINITY_DN6181_c0_g1_i2	NA	NA	NA	NA	0.143259248074654	8.31323158398307	0.00034418888600322	0.0111989070924886
TRINITY_DN8452_c0_g1_i1	NA	NA	NA	NA	6.50415168609181	5.05106411721716	0.00100101028144151	0.0276243234028997
TRINITY_DN7886_c0_g1_i6	NA	NA	NA	NA	0.810886054853327	9.01508690462336	0.000101436761490682	0.00455742492105018
TRINITY_DN5165_c0_g1_i1	NA	NA	NA	NA	3.89698672315057	9.09323834312499	3.52041903876551e-06	0.000497030198217057
TRINITY_DN3354_c0_g1_i3	NA	NA	NA	NA	4.93356451493436	4.73895616315904	0.00178979740743215	0.0457032697469983
TRINITY_DN8044_c0_g1_i4	NA	NA	NA	NA	0.48414455983493	8.67479338207368	0.000183938191515125	0.00712204440966336
TRINITY_DN8396_c2_g2_i4	NA	NA	NA	NA	2.63246243660994	10.8596624587387	3.84136854548411e-06	0.000513191573960602
TRINITY_DN22472_c0_g1_i1	NA	NA	NA	NA	1.92508953207852	-5.79435980027519	0.000715272130409821	0.0207913324016676
TRINITY_DN7886_c0_g1_i3	NA	NA	NA	NA	0.810886054853327	9.01508690462336	0.000101436761490682	0.00455742492105018
TRINITY_DN8498_c2_g1_i14	NA	NA	NA	NA	1.37276318578242	9.59066898559846	3.67538564733033e-05	0.00223323959830105
TRINITY_DN8564_c0_g2_i10	NA	NA	NA	NA	3.327167057975	11.5549247602896	1.10954454311482e-06	0.000269672796003075
TRINITY_DN6378_c0_g1_i1	NA	NA	NA	NA	2.07429741250836	10.2994920393564	1.04319781861812e-05	0.000978810678836437
TRINITY_DN8538_c1_g9_i2	NA	NA	NA	NA	1.89918521571899	10.1232143775456	1.42778967964437e-05	0.00121530806782557
TRINITY_DN6195_c0_g1_i5	NA	NA	NA	NA	1.05183880884052	5.28840145060844	0.00168860632744181	0.0437843900301846
TRINITY_DN7229_c0_g1_i2	NA	NA	NA	NA	1.93366342760632	10.1579489965582	1.34220639177938e-05	0.00115710810005835
TRINITY_DN5763_c0_g1_i6	NA	NA	NA	NA	0.905513661251844	9.11275136720843	8.5442174290735e-05	0.00402716117282009
TRINITY_DN8560_c1_g4_i2	NA	NA	NA	NA	4.78056002593606	13.0077174070478	8.28464596299787e-08	0.000103076979989703
TRINITY_DN5356_c0_g1_i1	NA	NA	NA	NA	0.85895803626576	9.06474541297197	9.29651805787535e-05	0.00428170453839085
TRINITY_DN9469_c0_g1_i1	NA	NA	NA	NA	0.927567489390257	-9.01317677069542	0.000179510593970655	0.00700438532334627
TRINITY_DN6307_c0_g2_i2	NA	NA	NA	NA	1.15762763500511	9.37141015257607	5.41626057575229e-05	0.00296908219007204
TRINITY_DN1252_c0_g1_i1	NA	NA	NA	NA	0.810886054853327	9.01508690462336	0.000101436761490682	0.00455742492105018
TRINITY_DN1018_c0_g1_i1	NA	NA	NA	NA	0.253961052466048	8.431517955983	0.000280607425793534	0.00951377075719825
TRINITY_DN8146_c0_g1_i2	NA	NA	NA	NA	2.05352644607056	10.2785997614773	1.08274949282544e-05	0.000997365548802172
TRINITY_DN4932_c0_g1_i3	NA	NA	NA	NA	4.7410163190316	-7.15456997598483	3.49964173807411e-05	0.00217745794203106
TRINITY_DN5454_c0_g1_i3	NA	NA	NA	NA	1.75038804155848	6.93320690650726	0.000167131063681705	0.0066238407615934
TRINITY_DN8430_c0_g1_i1	NA	NA	NA	NA	1.61785378627795	9.83919309090324	2.36545429274754e-05	0.00168022216364775
TRINITY_DN8250_c0_g1_i1	NA	NA	NA	NA	8.3504559174414	-6.40073463372165	9.04513425774724e-05	0.00422378456901702
TRINITY_DN7657_c1_g2_i1	NA	NA	NA	NA	0.181080598939552	8.35374757184883	0.000320962813419348	0.0106143980903418
TRINITY_DN6119_c0_g1_i2	NA	NA	NA	NA	1.48507134058765	9.70469763268129	3.00296630870458e-05	0.00194162946620184
TRINITY_DN4577_c0_g2_i1	NA	NA	NA	NA	0.57260584436598	-8.62547425139713	0.000349024826929438	0.0113197392823916
TRINITY_DN8560_c1_g4_i1	NA	NA	NA	NA	5.52538443431069	13.7522105272582	2.19622768203742e-08	5.9786952975523e-05
TRINITY_DN1405_c0_g2_i1	NA	NA	NA	NA	0.323441363318388	8.50530959040812	0.000246943216981433	0.0087703970355043
TRINITY_DN8576_c1_g6_i10	NA	NA	NA	NA	1.64579167709962	9.8674515523646	2.24969281279454e-05	0.00162222929759645
TRINITY_DN6665_c0_g1_i4	NA	NA	NA	NA	0.786250289373625	8.98960160541905	0.000106076495137827	0.00474474753085453
TRINITY_DN13282_c0_g2_i1	NA	NA	NA	NA	1.1768099643468	9.39100952380638	5.23198614035939e-05	0.0029156037682174
TRINITY_DN8614_c2_g1_i11	NA	NA	NA	NA	5.35457598728975	13.5814695617357	2.97745074439756e-08	6.0064113866732e-05
TRINITY_DN22630_c0_g1_i1	NA	NA	NA	NA	0.0628550566369814	-8.05534393840364	0.000909622582238151	0.0254505081157978
TRINITY_DN14072_c0_g2_i1	NA	NA	NA	NA	2.43738140146783	10.6641109065388	5.44569708568888e-06	0.000678123748824703
TRINITY_DN5359_c0_g1_i3	NA	NA	NA	NA	4.03430317868194	12.2618485712154	3.13777757450067e-07	0.000129180381653882
TRINITY_DN8382_c0_g1_i1	NA	NA	NA	NA	1.67320519868332	9.89516712433122	2.14163396749069e-05	0.00158253414015347
TRINITY_DN3606_c0_g3_i1	NA	NA	NA	NA	1.28692243448414	9.50332308295402	4.28986317814742e-05	0.00250113901424185
TRINITY_DN8611_c0_g1_i4	NA	NA	NA	NA	6.73881173213791	4.71195925808324	0.00179999052988979	0.045905447483523
TRINITY_DN6989_c1_g1_i4	NA	NA	NA	NA	1.48266035040841	6.65994377031611	0.000271111041167351	0.00930122964875676
TRINITY_DN7625_c0_g1_i1	NA	NA	NA	NA	1.03696082924025	9.24786983420597	6.73530141827693e-05	0.00343109180583082
TRINITY_DN8552_c0_g1_i9	NA	NA	NA	NA	2.42932794053423	10.6560335552528	5.52474279137922e-06	0.000679577050795689
TRINITY_DN8033_c0_g1_i2	NA	NA	NA	NA	4.65552129551268	5.54301097228752	0.000461959740668822	0.0140579535418314
TRINITY_DN2651_c0_g2_i1	NA	NA	NA	NA	0.283595459563254	-8.30445911419756	0.000600558525013258	0.0178162751839595
TRINITY_DN8034_c0_g1_i1	NA	NA	NA	NA	3.62127162399895	5.04480400089756	0.00117388792543864	0.0318719261371113
TRINITY_DN1979_c0_g2_i1	NA	NA	NA	NA	2.66714513406956	10.8944093908594	3.61032158358703e-06	0.000498842584285625
TRINITY_DN8302_c0_g1_i4	NA	NA	NA	NA	5.54281841489851	5.07596639620025	0.000981156198282831	0.0271507050589294
TRINITY_DN8290_c0_g1_i3	NA	NA	NA	NA	0.601252074310362	8.79736192001196	0.000148526365073072	0.00602861642378085
TRINITY_DN3354_c0_g1_i2	NA	NA	NA	NA	2.43738140146783	10.6641109065388	5.44569708568888e-06	0.000678123748824703
TRINITY_DN6570_c0_g1_i4	NA	NA	NA	NA	6.69149580425739	7.81267302783761	8.09945645406275e-06	0.000862171824596423
TRINITY_DN5067_c0_g1_i1	NA	NA	NA	NA	2.06394900083069	10.2890837188269	1.06271866795009e-05	0.000983404756355829
TRINITY_DN4502_c0_g1_i1	NA	NA	NA	NA	4.62715713214881	4.70615254569883	0.00191782630175419	0.0480003845971307
TRINITY_DN6451_c0_g3_i1	NA	NA	NA	NA	1.19574507184902	9.41034619752506	5.05627955139765e-05	0.00284123474624916
TRINITY_DN7899_c0_g1_i1	NA	NA	NA	NA	4.83119480842106	-4.9076479090256	0.00137444161824127	0.036530448965456
TRINITY_DN7310_c0_g2_i2	NA	NA	NA	NA	3.71696008821678	11.9446433766053	5.53005152418687e-07	0.000171627275996033
TRINITY_DN5870_c0_g1_i1	NA	NA	NA	NA	1.38934417332548	9.60752104709735	3.56731259290772e-05	0.00219400600416852
TRINITY_DN1569_c0_g2_i1	NA	NA	NA	NA	0.323441363318388	8.50530959040812	0.000246943216981433	0.0087703970355043
TRINITY_DN5963_c0_g2_i1	NA	NA	NA	NA	1.0158513684337	9.22621071642464	6.9973538015255e-05	0.00350267042774625
TRINITY_DN6292_c0_g1_i2	NA	NA	NA	NA	0.181080598939552	8.35374757184883	0.000320962813419348	0.0106143980903418
TRINITY_DN8576_c1_g6_i3	NA	NA	NA	NA	4.16479919271492	-6.56773244369525	0.000100011839516881	0.00454400639318475
TRINITY_DN5289_c0_g2_i1	NA	NA	NA	NA	1.58125669789755	-9.7125421870071	5.30821908093137e-05	0.00293377269916791
TRINITY_DN8598_c2_g2_i2	NA	NA	NA	NA	6.65530248248094	4.93817992408451	0.00121589896068558	0.0328797985709251
TRINITY_DN4413_c0_g1_i4	NA	NA	NA	NA	2.36422845729903	5.35328650801014	0.000916932596879944	0.0256195031535445
TRINITY_DN8081_c0_g1_i2	NA	NA	NA	NA	2.9066631883042	11.1342440440877	2.35257157109847e-06	0.000392218399204706
TRINITY_DN7774_c0_g1_i1	NA	NA	NA	NA	2.37364364926263	-10.5418646980135	1.22731811570392e-05	0.00109551718354403
TRINITY_DN1117_c0_g2_i1	NA	NA	NA	NA	0.254112444569743	-8.27139837064798	0.000634782221953915	0.0187763368965928
TRINITY_DN6795_c0_g1_i2	NA	NA	NA	NA	0.972702467072175	9.18189187142393	7.56545404653852e-05	0.00372977612278715
TRINITY_DN8396_c2_g2_i5	NA	NA	NA	NA	4.55781743043981	12.7850896732108	1.23264219005124e-07	0.000103076979989703
TRINITY_DN4877_c0_g1_i1	NA	NA	NA	NA	3.87097634881803	12.0985979691614	4.20024413077697e-07	0.000144380175450131
TRINITY_DN15720_c0_g1_i1	NA	NA	NA	NA	1.92226113105412	10.1464634599134	1.36992462642572e-05	0.00117597827612281
TRINITY_DN7899_c0_g1_i4	NA	NA	NA	NA	8.43087492930189	-6.7066144020359	5.24771234667671e-05	0.00291631132698373
TRINITY_DN7959_c0_g1_i1	NA	NA	NA	NA	1.64579167709962	9.8674515523646	2.24969281279454e-05	0.00162222929759645
TRINITY_DN7071_c0_g1_i1	NA	NA	NA	NA	1.85183158055385	-5.14434822481103	0.00170138854281509	0.0440027065053958
TRINITY_DN8536_c1_g5_i2	NA	NA	NA	NA	2.06394900083069	10.2890837188269	1.06271866795009e-05	0.000983404756355829
TRINITY_DN4908_c0_g2_i2	NA	NA	NA	NA	0.928251846654612	9.13616830826317	8.19943923760098e-05	0.00395711214689293
TRINITY_DN3695_c0_g2_i2	NA	NA	NA	NA	0.514299517453624	8.70642549589023	0.000174073126437957	0.00681859646530662
TRINITY_DN22166_c0_g1_i1	NA	NA	NA	NA	0.253961052466048	8.431517955983	0.000280607425793534	0.00951377075719825
TRINITY_DN8439_c0_g1_i4	NA	NA	NA	NA	2.63946569786503	10.8666791174373	3.7935515156183e-06	0.000510182098163787
TRINITY_DN8036_c0_g2_i3	NA	NA	NA	NA	5.77042341093013	-6.14085584167918	0.000157366289827134	0.00629871064421185
TRINITY_DN5166_c0_g1_i1	NA	NA	NA	NA	7.58332914328661	10.6066698151552	7.65104711008816e-08	0.000103076979989703
TRINITY_DN7920_c0_g3_i2	NA	NA	NA	NA	4.82895893438192	13.0560920925017	7.59951496143455e-08	0.000103076979989703
TRINITY_DN8284_c0_g1_i14	NA	NA	NA	NA	3.47881335305971	8.67439483061041	7.45686692731141e-06	0.000826524046838753
TRINITY_DN6709_c0_g1_i1	NA	NA	NA	NA	3.31697825411807	5.84344363604635	0.000341955884700685	0.0111989070924886
TRINITY_DN16707_c0_g1_i1	NA	NA	NA	NA	1.98420655832249	-10.1363600547357	2.51627342867544e-05	0.00173838300947499
TRINITY_DN8050_c0_g1_i10	NA	NA	NA	NA	7.48521553904496	7.15675889436447	2.40417859784445e-05	0.00169372511866714
TRINITY_DN8539_c10_g1_i4	NA	NA	NA	NA	3.15678677272072	11.3845166135825	1.50443807693224e-06	0.000318408973519448
TRINITY_DN4167_c0_g1_i2	NA	NA	NA	NA	2.02180317258358	10.246682871782	1.14607691192023e-05	0.0010321343546503
TRINITY_DN7709_c0_g3_i1	NA	NA	NA	NA	3.89115805592565	-12.0958151142598	7.70924177992006e-07	0.000213039088255243
TRINITY_DN7546_c0_g2_i1	NA	NA	NA	NA	0.38982172947472	8.57550984491727	0.000218616785970837	0.00808868074981077
TRINITY_DN7961_c1_g1_i4	NA	NA	NA	NA	1.0158513684337	9.22621071642464	6.9973538015255e-05	0.00350267042774625
TRINITY_DN8364_c0_g1_i2	NA	NA	NA	NA	4.20013394714492	12.4275951547037	2.33374756390372e-07	0.000114826072211292
TRINITY_DN5058_c0_g2_i2	NA	NA	NA	NA	3.05065744125818	6.05469335065464	0.000265319734446334	0.00916488870374297
TRINITY_DN8265_c2_g1_i6	NA	NA	NA	NA	1.11849516532933	9.33139406981592	5.81271862384428e-05	0.00308578875786344
TRINITY_DN7470_c0_g1_i3	NA	NA	NA	NA	5.31830982623301	-4.81144769666639	0.00157967694502092	0.0415473572515084
TRINITY_DN5270_c0_g1_i3	NA	NA	NA	NA	4.74520029604156	12.9723755618552	8.82397092247881e-08	0.000103076979989703
TRINITY_DN6737_c0_g2_i1	NA	NA	NA	NA	1.46954520230479	9.68894931558052	3.08799271902318e-05	0.00198388780639664
TRINITY_DN8021_c0_g1_i5	NA	NA	NA	NA	2.74714551212055	10.9745387696376	3.12904278677571e-06	0.000464133677482547
TRINITY_DN8284_c0_g1_i4	NA	NA	NA	NA	1.03696082924025	9.24786983420597	6.73530141827693e-05	0.00343109180583082
TRINITY_DN5517_c0_g2_i1	NA	NA	NA	NA	2.19305362347831	10.4188647279366	8.43317619110054e-06	0.000872422888733699
TRINITY_DN5717_c0_g1_i6	NA	NA	NA	NA	3.73111689685069	4.80875478647956	0.00171401681270593	0.0442159349906863
TRINITY_DN8541_c0_g1_i2	NA	NA	NA	NA	4.16845955462895	9.36498738894379	2.16329624942872e-06	0.000376208407239014
TRINITY_DN6966_c0_g2_i1	NA	NA	NA	NA	0.143259248074654	8.31323158398307	0.00034418888600322	0.0111989070924886
TRINITY_DN8589_c0_g3_i3	NA	NA	NA	NA	4.66490612769808	12.8921225381752	1.0182778959719e-07	0.000103076979989703
TRINITY_DN3281_c0_g3_i1	NA	NA	NA	NA	3.9800451259099	12.2076167814992	3.45695730912926e-07	0.000135089197210349
TRINITY_DN16398_c0_g2_i1	NA	NA	NA	NA	0.181080598939552	8.35374757184883	0.000320962813419348	0.0106143980903418
TRINITY_DN13342_c0_g2_i1	NA	NA	NA	NA	3.06081681964198	11.2885070738585	1.78594161327139e-06	0.000339884907212489
TRINITY_DN7339_c0_g3_i2	NA	NA	NA	NA	0.950644707834461	9.15921122278193	7.8736219335798e-05	0.00385520813752683
TRINITY_DN4918_c0_g2_i1	NA	NA	NA	NA	0.735711408514762	8.93723929823206	0.000116277666736495	0.00508821989387271
TRINITY_DN6661_c0_g1_i1	NA	NA	NA	NA	2.77973203299127	5.77890190771788	0.000432837194264319	0.0132901441703107
TRINITY_DN7516_c0_g1_i1	NA	NA	NA	NA	6.62365250001004	5.05842076645194	0.000986314748813438	0.0272560649696075
TRINITY_DN6811_c0_g1_i3	NA	NA	NA	NA	2.76005969298279	10.9874714236922	3.05761069438552e-06	0.000463768274720594
TRINITY_DN6710_c0_g1_i1	NA	NA	NA	NA	0.709779073005384	8.91032777878176	0.000121891755900642	0.00522064202077208
TRINITY_DN8264_c0_g2_i2	NA	NA	NA	NA	0.0966016755027454	-8.09367535720147	0.000853654786901182	0.0242546169241656
TRINITY_DN8539_c8_g1_i1	NA	NA	NA	NA	7.47564685798107	4.76422467269377	0.00163270482544376	0.0426639306265246
TRINITY_DN19942_c0_g1_i1	NA	NA	NA	NA	0.104454053076388	8.27154480449389	0.000369804020000016	0.0118413595166037
TRINITY_DN8590_c2_g2_i4	NA	NA	NA	NA	0.421932673272355	8.609369227289	0.000206122006707278	0.00774320156667768
TRINITY_DN8523_c1_g1_i10	NA	NA	NA	NA	1.8875087206809	10.1114478126025	1.45799728712132e-05	0.00123063511602922
TRINITY_DN7239_c0_g1_i3	NA	NA	NA	NA	2.75006164939699	6.47044379270331	0.000162763741959531	0.0065018474585141
TRINITY_DN3405_c0_g1_i1	NA	NA	NA	NA	1.19574507184902	9.41034619752506	5.05627955139765e-05	0.00284123474624916
TRINITY_DN8026_c0_g1_i5	NA	NA	NA	NA	1.6270788845845	-9.76098385984061	4.87532054029725e-05	0.00279402958123342
TRINITY_DN8370_c1_g3_i2	NA	NA	NA	NA	0.0628550566369814	-8.05534393840364	0.000909622582238151	0.0254505081157978
TRINITY_DN7851_c0_g1_i1	NA	NA	NA	NA	2.37166635069188	10.5981892395212	6.12528671607445e-06	0.000726855346608058
TRINITY_DN19368_c0_g1_i1	NA	NA	NA	NA	6.77421028285719	-4.76477960616236	0.00164917628269311	0.0429275266461523
TRINITY_DN8564_c0_g1_i1	NA	NA	NA	NA	2.85163719916321	5.36797166310795	0.000792950354756956	0.0228516964378744
TRINITY_DN7942_c0_g1_i4	NA	NA	NA	NA	5.44525975588589	7.34524812060258	2.06502344429485e-05	0.00156175594258624
TRINITY_DN2718_c0_g1_i1	NA	NA	NA	NA	1.32186407404365	9.53889850709598	4.02815445775191e-05	0.00238299002569587
TRINITY_DN5992_c0_g1_i2	NA	NA	NA	NA	0.709779073005384	8.91032777878176	0.000121891755900642	0.00522064202077208
TRINITY_DN7671_c0_g2_i3	NA	NA	NA	NA	3.971875038604	4.98171565862453	0.00125828921061153	0.0338192022371891
TRINITY_DN8068_c0_g1_i2	NA	NA	NA	NA	3.04506426980692	11.2727460960108	1.83694196778626e-06	0.00034311694737178
TRINITY_DN2250_c0_g1_i1	NA	NA	NA	NA	2.0858258778033	-10.2425277226448	2.08570505404858e-05	0.00156175594258624
TRINITY_DN7848_c0_g1_i2	NA	NA	NA	NA	4.5466582347846	12.7739363456123	1.25742976099311e-07	0.000103076979989703
TRINITY_DN7810_c0_g2_i1	NA	NA	NA	NA	0.0236798939103389	8.18437372444889	0.000429546600260437	0.0132092127546552
TRINITY_DN8523_c1_g1_i7	NA	NA	NA	NA	2.92905226633252	5.66981206273688	0.00048988767673121	0.0148385947487968
TRINITY_DN3534_c0_g2_i1	NA	NA	NA	NA	1.45385259325918	9.67302719240508	3.17639025012922e-05	0.00202136657778728
TRINITY_DN4548_c0_g1_i2	NA	NA	NA	NA	3.00762731212575	11.2352867351339	1.96407254075985e-06	0.000360193048770441
TRINITY_DN6485_c0_g1_i2	NA	NA	NA	NA	1.9562036419142	10.1806493420085	1.28905628779267e-05	0.00112572002136976
TRINITY_DN7830_c0_g3_i9	NA	NA	NA	NA	3.06562800127892	-11.2546754139571	3.45526251928096e-06	0.000497030198217057
TRINITY_DN7801_c0_g3_i1	NA	NA	NA	NA	0.999542037307235	-9.0910323202094	0.000156909855699396	0.00629292747320856
TRINITY_DN8557_c1_g1_i6	NA	NA	NA	NA	3.22209959010127	5.74680166973348	0.000405932580848994	0.0126762816617132
TRINITY_DN8552_c0_g1_i1	NA	NA	NA	NA	3.82862171245967	12.0562614770139	4.53025422946837e-07	0.000149817735362402
TRINITY_DN8545_c3_g1_i7	NA	NA	NA	NA	3.14418772522798	6.86881852110327	7.99460363620505e-05	0.00390496704971342
TRINITY_DN540_c0_g2_i1	NA	NA	NA	NA	0.85895803626576	9.06474541297197	9.29651805787535e-05	0.00428170453839085
TRINITY_DN869_c0_g1_i1	NA	NA	NA	NA	1.5749190734646	9.79573966593849	2.55512667298137e-05	0.00174137062074504
TRINITY_DN4670_c0_g2_i1	NA	NA	NA	NA	0.453364335386432	8.64245213437764	0.000194593605204847	0.00739272466628507
TRINITY_DN8439_c0_g1_i8	NA	NA	NA	NA	4.52027960497136	12.747571616566	1.31802535889124e-07	0.000103076979989703
TRINITY_DN8115_c2_g1_i4	NA	NA	NA	NA	1.33902756304539	9.55636256669414	3.90554635752008e-05	0.00231725254912508
TRINITY_DN5925_c0_g1_i1	NA	NA	NA	NA	3.97895325277784	8.26427050526092	8.57810652610397e-06	0.000878435979571441
TRINITY_DN5449_c0_g2_i1	NA	NA	NA	NA	0.683384046263904	8.88290470394567	0.000127887931455362	0.00539724527457951
TRINITY_DN8505_c0_g3_i3	NA	NA	NA	NA	2.73411515675	10.9614891348295	3.20281064742177e-06	0.000471608023287879
TRINITY_DN6933_c0_g1_i3	NA	NA	NA	NA	1.30185965327519	6.47431753768961	0.000376104362891735	0.011986024190545
TRINITY_DN8158_c0_g1_i15	NA	NA	NA	NA	5.22982126850159	4.6746163255392	0.00197730655012853	0.0492446975749912
TRINITY_DN6890_c0_g1_i2	NA	NA	NA	NA	0.683384046263904	8.88290470394567	0.000127887931455362	0.00539724527457951
TRINITY_DN8431_c0_g1_i2	NA	NA	NA	NA	3.5778389630869	-11.7775058692008	1.36040107083133e-06	0.000316644662045326
TRINITY_DN4462_c0_g2_i1	NA	NA	NA	NA	1.9893729109818	10.214043876136	1.21465595224195e-05	0.00108903353442564
TRINITY_DN541_c0_g1_i1	NA	NA	NA	NA	0.357001840920201	8.54083666077031	0.000232183769392441	0.00837896812156298
TRINITY_DN6103_c0_g1_i2	NA	NA	NA	NA	3.62618215752811	5.26012222992287	0.000824148713764557	0.023615840913029
TRINITY_DN1014_c0_g2_i1	NA	NA	NA	NA	1.9562036419142	10.1806493420085	1.28905628779267e-05	0.00112572002136976
TRINITY_DN4136_c0_g2_i1	NA	NA	NA	NA	1.64357208527165	6.82438596353801	0.000202686551527348	0.00764260897936673
TRINITY_DN6165_c0_g1_i2	NA	NA	NA	NA	0.104454053076388	8.27154480449389	0.000369804020000016	0.0118413595166037
TRINITY_DN15663_c0_g2_i1	NA	NA	NA	NA	2.50024848898802	10.727151551713	4.86633330731314e-06	0.000625277336359413
TRINITY_DN3163_c0_g2_i1	NA	NA	NA	NA	0.223995754858076	-8.23756220409026	0.000671762591340466	0.0197255702403366
TRINITY_DN3987_c0_g2_i4	NA	NA	NA	NA	1.35455742269406	-9.47184669419056	8.09141787496469e-05	0.00393320898293163
TRINITY_DN7755_c0_g1_i2	NA	NA	NA	NA	5.26559280366046	6.03691574960632	0.000189894020793232	0.00731055740736997
TRINITY_DN6958_c0_g2_i1	NA	NA	NA	NA	3.50283427705789	11.7305771297282	8.10661089392566e-07	0.00021804621541755
TRINITY_DN2362_c0_g1_i1	NA	NA	NA	NA	3.77953715801285	4.85889863141772	0.00157034009314326	0.0413557058733407
TRINITY_DN8414_c0_g1_i4	NA	NA	NA	NA	6.81226670448443	-4.74704262847245	0.00169973908945103	0.0440027065053958
TRINITY_DN7984_c0_g1_i1	NA	NA	NA	NA	5.32365694805944	4.69791381409314	0.00189453925026577	0.0475608199614638
TRINITY_DN7905_c0_g2_i4	NA	NA	NA	NA	6.10155791413113	9.83563553846556	3.92197324572789e-07	0.000144380175450131
TRINITY_DN8162_c0_g2_i3	NA	NA	NA	NA	1.28692243448414	9.50332308295402	4.28986317814742e-05	0.00250113901424185
TRINITY_DN8306_c0_g1_i3	NA	NA	NA	NA	2.1818645021283	7.3706371095383	7.67749424283201e-05	0.00376832339077007
TRINITY_DN7717_c0_g1_i2	NA	NA	NA	NA	2.31161893869555	10.5379284529714	6.82028591245263e-06	0.000772952964673634
TRINITY_DN7028_c0_g1_i1	NA	NA	NA	NA	1.82768016697539	10.0511309261833	1.62313353444738e-05	0.00132030132219383
TRINITY_DN1093_c0_g2_i1	NA	NA	NA	NA	0.905513661251844	9.11275136720843	8.5442174290735e-05	0.00402716117282009
TRINITY_DN6279_c0_g2_i1	NA	NA	NA	NA	0.143259248074654	8.31323158398307	0.00034418888600322	0.0111989070924886
TRINITY_DN7356_c0_g1_i1	NA	NA	NA	NA	1.07829272774388	9.2902363177692	6.25051011385662e-05	0.00326032394843794
TRINITY_DN7983_c0_g1_i3	NA	NA	NA	NA	9.10896657220233	5.03755552839228	0.00100419718986779	0.0276744124469986
TRINITY_DN22423_c0_g1_i2	NA	NA	NA	NA	0.289106490473772	8.46888551286467	0.000263032197671259	0.00911709368319983
TRINITY_DN6669_c0_g1_i3	NA	NA	NA	NA	5.08244832070181	-13.299006683627	9.00716604997883e-08	0.000103076979989703
TRINITY_DN6288_c0_g1_i4	NA	NA	NA	NA	1.73956819650873	9.96221245177167	1.9011226534837e-05	0.00149227032251855
TRINITY_DN8582_c0_g1_i17	NA	NA	NA	NA	2.54567271564095	10.7726876698101	4.48651236898254e-06	0.000580169320637723
TRINITY_DN8135_c1_g1_i9	NA	NA	NA	NA	3.31845304522475	11.5462104492929	1.12695587869885e-06	0.000270643820726095
TRINITY_DN8556_c2_g1_i3	NA	NA	NA	NA	1.5749190734646	9.79573966593849	2.55512667298137e-05	0.00174137062074504
TRINITY_DN8059_c0_g1_i2	NA	NA	NA	NA	4.5069072729417	12.7342063456068	1.34985116351172e-07	0.000103076979989703
TRINITY_DN8487_c4_g5_i1	NA	NA	NA	NA	2.45335543841093	10.680131191864	5.29224517088758e-06	0.00066725288645197
TRINITY_DN6079_c0_g2_i1	NA	NA	NA	NA	0.514299517453624	8.70642549589023	0.000174073126437957	0.00681859646530662
TRINITY_DN8335_c0_g2_i12	NA	NA	NA	NA	4.17861138646716	12.4060837687407	2.42515090615593e-07	0.000116482307690199
TRINITY_DN8321_c0_g2_i4	NA	NA	NA	NA	3.9594953502494	6.49493688562383	0.000107056068447134	0.00477796917872574
TRINITY_DN72_c0_g2_i1	NA	NA	NA	NA	0.323441363318388	8.50530959040812	0.000246943216981433	0.0087703970355043
TRINITY_DN18497_c0_g1_i1	NA	NA	NA	NA	1.86387120535582	10.0876228062128	1.52112524553817e-05	0.00127856914909339
TRINITY_DN8597_c0_g3_i3	NA	NA	NA	NA	3.41897369497106	-11.6157037778975	1.81552403569282e-06	0.000342285667028329
TRINITY_DN7787_c1_g1_i6	NA	NA	NA	NA	3.15678677272072	11.3845166135825	1.50443807693224e-06	0.000318408973519448
TRINITY_DN3658_c0_g2_i1	NA	NA	NA	NA	4.07887179855768	12.306395069058	2.89778117662428e-07	0.000122915114538485
TRINITY_DN7941_c0_g1_i1	NA	NA	NA	NA	3.20011535294215	11.4278570068935	1.39233938700209e-06	0.000316644662045326
TRINITY_DN20386_c0_g1_i1	NA	NA	NA	NA	3.28840810306685	-4.91999552307194	0.00158419652846542	0.0416119746988709
TRINITY_DN5698_c0_g1_i1	NA	NA	NA	NA	0.761196821019198	8.96365799862659	0.000111015121040904	0.00491120183499596
TRINITY_DN2547_c0_g1_i1	NA	NA	NA	NA	2.64643527927233	10.8736618151797	3.74655602871532e-06	0.000510182098163787
TRINITY_DN8581_c3_g2_i2	NA	NA	NA	NA	1.58125669789755	-9.7125421870071	5.30821908093137e-05	0.00293377269916791
TRINITY_DN3588_c0_g1_i2	NA	NA	NA	NA	0.357001840920201	8.54083666077031	0.000232183769392441	0.00837896812156298
TRINITY_DN4236_c0_g1_i2	NA	NA	NA	NA	2.20252559056752	10.428380568736	8.29134655091984e-06	0.000862171824596423
TRINITY_DN7598_c0_g3_i1	NA	NA	NA	NA	3.73653719749595	-11.9388565174933	1.02011403712102e-06	0.000254058771244967
TRINITY_DN4642_c0_g1_i2	NA	NA	NA	NA	1.48507134058765	9.70469763268129	3.00296630870458e-05	0.00194162946620184
TRINITY_DN21659_c0_g2_i1	NA	NA	NA	NA	1.8875087206809	10.1114478126025	1.45799728712132e-05	0.00123063511602922
TRINITY_DN5952_c0_g1_i1	NA	NA	NA	NA	0.474255780747599	-8.5168263601404	0.000419770457965737	0.0130881444336056
TRINITY_DN8387_c0_g2_i1	NA	NA	NA	NA	0.0282740642727569	-8.01596621730622	0.000970793676958034	0.0269008528094429
TRINITY_DN7223_c0_g2_i1	NA	NA	NA	NA	1.11849516532933	9.33139406981592	5.81271862384428e-05	0.00308578875786344
TRINITY_DN6683_c0_g4_i1	NA	NA	NA	NA	0.709779073005384	8.91032777878176	0.000121891755900642	0.00522064202077208
TRINITY_DN8458_c0_g2_i9	NA	NA	NA	NA	1.60368191070807	9.82485354790284	2.42644405539485e-05	0.00169372511866714
TRINITY_DN6202_c0_g1_i1	NA	NA	NA	NA	4.36589330200359	12.5932671553114	1.73607377985355e-07	0.000103076979989703
TRINITY_DN3145_c0_g2_i1	NA	NA	NA	NA	0.289106490473772	8.46888551286467	0.000263032197671259	0.00911709368319983
TRINITY_DN8047_c0_g1_i2	NA	NA	NA	NA	5.58471647657839	7.03992927141344	3.36208968292293e-05	0.00210751473473956
TRINITY_DN5226_c0_g1_i1	NA	NA	NA	NA	1.51088842630369	5.76688836686509	0.000734027854527079	0.0212446827968074
TRINITY_DN7846_c0_g1_i3	NA	NA	NA	NA	4.17295381868771	-6.35495944154096	0.000138571343475409	0.00572827809821603
TRINITY_DN8206_c0_g1_i2	NA	NA	NA	NA	1.9784002430064	10.2029980308389	1.23877901386319e-05	0.00110087616945648
TRINITY_DN21299_c0_g2_i1	NA	NA	NA	NA	4.27416023136892	12.5015826422903	2.04489094866966e-07	0.000103128962768783
TRINITY_DN7648_c0_g2_i2	NA	NA	NA	NA	0.143259248074654	8.31323158398307	0.00034418888600322	0.0111989070924886
TRINITY_DN8411_c1_g5_i2	NA	NA	NA	NA	2.63757558718443	5.14775442366628	0.00116740736818745	0.0317386911569347
TRINITY_DN7537_c0_g1_i1	NA	NA	NA	NA	2.74810031404143	-10.9286601004808	6.1735011082213e-06	0.000728292619041803
TRINITY_DN8214_c0_g4_i1	NA	NA	NA	NA	2.87512299880199	7.15514644692121	6.2546243396891e-05	0.00326032394843794
TRINITY_DN1585_c0_g1_i1	NA	NA	NA	NA	2.31115250095443	5.03468441729289	0.00149602544357094	0.0396054084949561
TRINITY_DN2345_c0_g1_i1	NA	NA	NA	NA	0.0282740642727569	-8.01596621730622	0.000970793676958034	0.0269008528094429
TRINITY_DN1712_c0_g1_i1	NA	NA	NA	NA	1.54589529320312	-9.67511273148587	5.66857477810288e-05	0.00305754435825319
TRINITY_DN6195_c0_g1_i2	NA	NA	NA	NA	2.80601392059146	6.12303995175911	0.000259420699682149	0.00911709368319983
TRINITY_DN1836_c0_g2_i1	NA	NA	NA	NA	0.448553666746857	-8.48833598005313	0.000440522913531374	0.0135055755846024
TRINITY_DN6856_c0_g3_i1	NA	NA	NA	NA	4.73235231047912	5.21569184256285	0.000801317897656827	0.0229942901129889
TRINITY_DN7065_c0_g1_i1	NA	NA	NA	NA	3.18581624681054	11.4135543893715	1.42837774481359e-06	0.000316644662045326
TRINITY_DN4744_c0_g1_i1	NA	NA	NA	NA	5.86804248488381	5.97835696997931	0.000202387060720416	0.00764260897936673
TRINITY_DN8137_c4_g1_i1	NA	NA	NA	NA	3.06081681964198	11.2885070738585	1.78594161327139e-06	0.000339884907212489
TRINITY_DN4088_c0_g2_i1	NA	NA	NA	NA	1.67320519868332	9.89516712433122	2.14163396749069e-05	0.00158253414015347
TRINITY_DN7722_c0_g1_i2	NA	NA	NA	NA	1.58937124709407	9.81037004618855	2.48963403769874e-05	0.00172588960283494
TRINITY_DN4891_c0_g1_i4	NA	NA	NA	NA	5.28279619068837	4.78110704287735	0.00164457806762816	0.0429185942538976
TRINITY_DN7814_c0_g1_i2	NA	NA	NA	NA	3.53195240480996	6.06194526997971	0.000231848681228611	0.00837896812156298
TRINITY_DN7239_c0_g1_i2	NA	NA	NA	NA	2.61706894978043	7.80939982749693	3.50802474178403e-05	0.00217745794203106
TRINITY_DN5201_c0_g1_i2	NA	NA	NA	NA	0.905513661251844	9.11275136720843	8.5442174290735e-05	0.00402716117282009
TRINITY_DN7886_c0_g1_i5	NA	NA	NA	NA	0.835117668763568	9.04012980804928	9.70732060736965e-05	0.00444049384608771
TRINITY_DN8583_c1_g9_i5	NA	NA	NA	NA	2.21642323965501	5.92781938581043	0.000426509458921163	0.0132092127546552
TRINITY_DN5891_c0_g1_i2	NA	NA	NA	NA	2.66714513406956	10.8944093908594	3.61032158358703e-06	0.000498842584285625
TRINITY_DN5706_c0_g4_i1	NA	NA	NA	NA	0.988327489114137	5.22140195696573	0.00189554846820091	0.0475608199614638
TRINITY_DN4840_c0_g3_i1	NA	NA	NA	NA	1.47242108677032	-9.59720825606045	6.49802440254108e-05	0.00335254849801691
TRINITY_DN8284_c0_g1_i1	NA	NA	NA	NA	1.68672135347818	9.90882776805338	2.09028951815935e-05	0.00156175594258624
TRINITY_DN7912_c0_g2_i2	NA	NA	NA	NA	4.91333608169278	9.20030923200842	1.60135959933252e-06	0.000328349342205053
TRINITY_DN4248_c0_g1_i2	NA	NA	NA	NA	4.30318168813641	12.5305887761118	1.941667198537e-07	0.000103076979989703
TRINITY_DN8359_c1_g1_i1	NA	NA	NA	NA	1.0158513684337	9.22621071642464	6.9973538015255e-05	0.00350267042774625
TRINITY_DN4950_c0_g2_i1	NA	NA	NA	NA	0.812222162548234	-8.88789969765187	0.000222755053852247	0.00817103063034229
TRINITY_DN8419_c0_g2_i7	NA	NA	NA	NA	4.51144586147046	4.79647718605937	0.00165515191533413	0.0429721745019762
TRINITY_DN8155_c0_g1_i5	NA	NA	NA	NA	3.28879914994196	5.45109977981996	0.000637796505616163	0.0188103346605188
TRINITY_DN3142_c0_g1_i1	NA	NA	NA	NA	0.761196821019198	8.96365799862659	0.000111015121040904	0.00491120183499596
TRINITY_DN8202_c0_g2_i2	NA	NA	NA	NA	2.16531899284743	-10.3253975327196	1.80121534323903e-05	0.00143620225767435
TRINITY_DN8329_c0_g1_i1	NA	NA	NA	NA	0.812222162548234	-8.88789969765187	0.000222755053852247	0.00817103063034229
TRINITY_DN4043_c0_g2_i1	NA	NA	NA	NA	1.73956819650873	9.96221245177167	1.9011226534837e-05	0.00149227032251855
TRINITY_DN8726_c0_g1_i1	NA	NA	NA	NA	1.80304381068984	10.0262799064601	1.69647287893136e-05	0.00136891789546729
TRINITY_DN8271_c0_g2_i1	NA	NA	NA	NA	1.28692243448414	9.50332308295402	4.28986317814742e-05	0.00250113901424185
TRINITY_DN8094_c0_g1_i1	NA	NA	NA	NA	4.92663206710103	-13.1421127121494	1.19160206374058e-07	0.000103076979989703
TRINITY_DN4353_c0_g2_i1	NA	NA	NA	NA	3.48736470910794	11.7151102982127	8.33377056593803e-07	0.000221206781087721
TRINITY_DN8582_c0_g1_i10	NA	NA	NA	NA	4.15684113572954	4.8421555434361	0.00156653568282078	0.041309443568031
TRINITY_DN8074_c0_g3_i2	NA	NA	NA	NA	1.53068504696317	9.75093668713303	2.76653520460885e-05	0.00186653226363125
TRINITY_DN7764_c0_g2_i1	NA	NA	NA	NA	0.908985946805336	-8.99303821420834	0.000185859148826008	0.00716890365060623
TRINITY_DN8396_c2_g2_i6	NA	NA	NA	NA	2.12612450537584	-10.2845575612371	1.93623994149968e-05	0.0015139445092974
TRINITY_DN7638_c1_g1_i1	NA	NA	NA	NA	0.193217343980983	-8.20291336479402	0.000711789517871706	0.0207540978936837
TRINITY_DN4888_c0_g1_i1	NA	NA	NA	NA	6.53105451331315	7.81149084278546	8.24827363698268e-06	0.000862171824596423
TRINITY_DN7918_c1_g2_i2	NA	NA	NA	NA	5.1170665474233	-5.47246132385205	0.000517019987352771	0.0156369478333845
TRINITY_DN8542_c0_g1_i2	NA	NA	NA	NA	0.289106490473772	8.46888551286467	0.000263032197671259	0.00911709368319983
TRINITY_DN1681_c0_g1_i1	NA	NA	NA	NA	3.18581624681054	11.4135543893715	1.42837774481359e-06	0.000316644662045326
TRINITY_DN3673_c0_g1_i1	NA	NA	NA	NA	0.0646130128341675	8.22861754994908	0.000398130857317569	0.0124712636407878
TRINITY_DN7122_c0_g2_i1	NA	NA	NA	NA	1.61785378627795	9.83919309090324	2.36545429274754e-05	0.00168022216364775
TRINITY_DN8081_c0_g1_i9	NA	NA	NA	NA	2.13488770107481	10.3604126860492	9.35902923651049e-06	0.000930047767429193
TRINITY_DN2594_c0_g4_i1	NA	NA	NA	NA	0.453364335386432	8.64245213437764	0.000194593605204847	0.00739272466628507
TRINITY_DN8365_c0_g2_i5	NA	NA	NA	NA	2.42932794053423	10.6560335552528	5.52474279137922e-06	0.000679577050795689
TRINITY_DN7308_c2_g2_i2	NA	NA	NA	NA	1.89142110397218	5.1856070179632	0.00135396845645922	0.0360813813370566
TRINITY_DN877_c0_g2_i1	NA	NA	NA	NA	2.67398316328345	10.9012594697989	3.56643734701927e-06	0.000498842584285625
TRINITY_DN7364_c0_g3_i1	NA	NA	NA	NA	1.05480640359543	6.21886428894156	0.000588907967881144	0.0175740243137076
TRINITY_DN16573_c0_g1_i1	NA	NA	NA	NA	1.11849516532933	9.33139406981592	5.81271862384428e-05	0.00308578875786344
TRINITY_DN8158_c0_g1_i12	NA	NA	NA	NA	2.56593913985555	5.07379572625745	0.00132869326314263	0.0354546682504976
TRINITY_DN8564_c0_g2_i7	NA	NA	NA	NA	2.39665952012617	10.6232641741399	5.85734751356683e-06	0.000703334948757045
TRINITY_DN3138_c0_g2_i1	NA	NA	NA	NA	4.88437818814855	10.0813006900654	5.99727170089672e-07	0.000177916120620867
TRINITY_DN5171_c0_g2_i1	NA	NA	NA	NA	2.82909990571332	11.0566001863885	2.70251656463053e-06	0.000432681481415013
TRINITY_DN7418_c0_g1_i2	NA	NA	NA	NA	4.65307494755978	5.13423155536366	0.000925075498101343	0.0258112697416299
TRINITY_DN8419_c0_g2_i6	NA	NA	NA	NA	4.346721016758	12.5741050430231	1.79650252778349e-07	0.000103076979989703
TRINITY_DN18618_c0_g2_i1	NA	NA	NA	NA	0.871072782734959	-8.95189761853455	0.000199521226073594	0.00755148535381355
TRINITY_DN18554_c0_g2_i1	NA	NA	NA	NA	0.422372344669217	-8.45927161712359	0.000462721516471326	0.0140579535418314
TRINITY_DN1537_c0_g1_i1	NA	NA	NA	NA	0.181080598939552	8.35374757184883	0.000320962813419348	0.0106143980903418
TRINITY_DN6276_c0_g1_i4	NA	NA	NA	NA	1.64135072210059	5.90138382508704	0.000579630804598743	0.0174001372338846
TRINITY_DN8516_c0_g1_i1	NA	NA	NA	NA	4.37323476188167	-7.35672424614182	2.90759112662764e-05	0.0019231093704085
TRINITY_DN3253_c0_g1_i1	NA	NA	NA	NA	0.735711408514762	8.93723929823206	0.000116277666736495	0.00508821989387271
TRINITY_DN4458_c0_g1_i1	NA	NA	NA	NA	1.0158513684337	9.22621071642464	6.9973538015255e-05	0.00350267042774625
TRINITY_DN4642_c0_g1_i3	NA	NA	NA	NA	0.0236798939103389	8.18437372444889	0.000429546600260437	0.0132092127546552
TRINITY_DN5569_c0_g1_i4	NA	NA	NA	NA	0.905513661251844	9.11275136720843	8.5442174290735e-05	0.00402716117282009
TRINITY_DN8135_c1_g1_i4	NA	NA	NA	NA	2.40489583342176	10.6315265635615	5.77164710383381e-06	0.000697194233686464
TRINITY_DN7627_c0_g2_i2	NA	NA	NA	NA	2.41255528345277	5.1395837383945	0.00124562225702336	0.0335486485860243
TRINITY_DN3313_c0_g1_i2	NA	NA	NA	NA	1.64579167709962	9.8674515523646	2.24969281279454e-05	0.00162222929759645
TRINITY_DN8265_c1_g1_i2	NA	NA	NA	NA	0.601252074310362	8.79736192001196	0.000148526365073072	0.00602861642378085
TRINITY_DN4230_c0_g1_i1	NA	NA	NA	NA	0.0236798939103389	8.18437372444889	0.000429546600260437	0.0132092127546552
TRINITY_DN7138_c1_g1_i1	NA	NA	NA	NA	6.28407031041548	4.9208832330553	0.00126051159683789	0.0338192022371891
TRINITY_DN8258_c0_g1_i4	NA	NA	NA	NA	3.7301670723829	11.9578455805679	5.40113516843985e-07	0.000170245468363964
TRINITY_DN4464_c0_g1_i2	NA	NA	NA	NA	3.69017825969645	11.9178709025769	5.80100509221492e-07	0.000174662202575002
TRINITY_DN7953_c0_g1_i1	NA	NA	NA	NA	0.0628550566369814	-8.05534393840364	0.000909622582238151	0.0254505081157978
TRINITY_DN3354_c0_g1_i1	NA	NA	NA	NA	2.33765824958423	10.5640633087402	6.50969548492562e-06	0.000746136858053435
TRINITY_DN12268_c0_g1_i1	NA	NA	NA	NA	0.449530091295031	5.58036368202459	0.00178083646811219	0.0455898655726233
TRINITY_DN8201_c1_g2_i1	NA	NA	NA	NA	4.06603133085141	4.74805219725008	0.00184618676024793	0.0467291411724988
TRINITY_DN5291_c0_g1_i1	NA	NA	NA	NA	0.181080598939552	8.35374757184883	0.000320962813419348	0.0106143980903418
TRINITY_DN5082_c0_g1_i2	NA	NA	NA	NA	1.11730270221915	-9.21792110981592	0.000125928507349672	0.00537073103332968
TRINITY_DN772_c0_g1_i1	NA	NA	NA	NA	0.253961052466048	8.431517955983	0.000280607425793534	0.00951377075719825
TRINITY_DN8335_c0_g2_i1	NA	NA	NA	NA	4.38481427776911	12.6121780858724	1.67843171566927e-07	0.000103076979989703
TRINITY_DN1739_c0_g2_i1	NA	NA	NA	NA	3.99106106539837	12.2186274547434	3.38962769932182e-07	0.000135089197210349
TRINITY_DN8561_c1_g1_i7	NA	NA	NA	NA	9.04198146648427	4.72656336024782	0.00173182008862293	0.0446181438669098
TRINITY_DN8222_c3_g1_i1	NA	NA	NA	NA	3.56202718751239	4.79852894824094	0.00177164194871315	0.0454121131275607
TRINITY_DN2919_c0_g2_i1	NA	NA	NA	NA	1.05777187112577	9.26920858827421	6.48664076428859e-05	0.00335254849801691
TRINITY_DN864_c0_g1_i1	NA	NA	NA	NA	0.905513661251844	9.11275136720843	8.5442174290735e-05	0.00402716117282009
TRINITY_DN5601_c0_g1_i1	NA	NA	NA	NA	0.453364335386432	8.64245213437764	0.000194593605204847	0.00739272466628507
TRINITY_DN16241_c0_g2_i1	NA	NA	NA	NA	0.312471099733522	-8.33677918067216	0.000568834494101324	0.0171014877041818
TRINITY_DN8021_c0_g1_i1	NA	NA	NA	NA	3.51432873685459	11.7420693991944	7.94184444836576e-07	0.000216501118995787
TRINITY_DN6240_c0_g1_i4	NA	NA	NA	NA	0.683384046263904	8.88290470394567	0.000127887931455362	0.00539724527457951
TRINITY_DN16473_c0_g2_i1	NA	NA	NA	NA	3.89115805592565	-12.0958151142598	7.70924177992006e-07	0.000213039088255243
TRINITY_DN5055_c0_g1_i1	NA	NA	NA	NA	0.664524946987733	-8.72650990587563	0.000293762313586553	0.00990981129093901
TRINITY_DN1972_c0_g1_i1	NA	NA	NA	NA	3.06602978375358	11.2937227009612	1.76937815746466e-06	0.000339884907212489
TRINITY_DN8579_c0_g2_i6	NA	NA	NA	NA	2.92398727039177	11.1515836161251	2.28082613363451e-06	0.000386647946166462
TRINITY_DN6754_c0_g1_i1	NA	NA	NA	NA	3.83246383396372	5.36311392339534	0.000678068497276193	0.0198529401967382
TRINITY_DN5898_c0_g1_i1	NA	NA	NA	NA	4.07369927581862	12.301225136271	2.92466440184766e-07	0.000122915114538485
TRINITY_DN1030_c0_g2_i1	NA	NA	NA	NA	1.10106798871282	-9.20046322818869	0.000129803582913002	0.00546665486034238
TRINITY_DN2285_c0_g1_i1	NA	NA	NA	NA	1.64944862585635	-9.78460809115038	4.67707314508094e-05	0.00269573133016337
TRINITY_DN8545_c3_g1_i6	NA	NA	NA	NA	4.78655836187637	7.54752410193723	1.71126637809312e-05	0.00136989589862192
TRINITY_DN8470_c0_g1_i1	NA	NA	NA	NA	1.21168417243166	6.38134065226065	0.000442911939654437	0.0135376705434075
TRINITY_DN7226_c0_g1_i2	NA	NA	NA	NA	4.54734466344888	5.07729918415103	0.00102585485371873	0.0281942370082668
TRINITY_DN4413_c0_g1_i3	NA	NA	NA	NA	5.90147077572654	5.31788515314183	0.000637603188216375	0.0188103346605188
TRINITY_DN15879_c0_g1_i1	NA	NA	NA	NA	0.38982172947472	8.57550984491727	0.000218616785970837	0.00808868074981077
TRINITY_DN7638_c0_g2_i1	NA	NA	NA	NA	1.38934417332548	9.60752104709735	3.56731259290772e-05	0.00219400600416852
TRINITY_DN8140_c0_g1_i1	NA	NA	NA	NA	1.30185965327519	6.47431753768961	0.000376104362891735	0.011986024190545
TRINITY_DN8222_c4_g2_i1	NA	NA	NA	NA	4.53498264366989	5.17402801905586	0.000871350893509782	0.0246571352403995
TRINITY_DN8321_c0_g2_i12	NA	NA	NA	NA	2.35726130809098	5.66545009074162	0.000583441534990147	0.0174366904968241
TRINITY_DN7312_c0_g1_i1	NA	NA	NA	NA	5.93727710043547	7.05423534571984	3.16067735591541e-05	0.00201773241458486
TRINITY_DN3479_c0_g2_i1	NA	NA	NA	NA	1.51563795606288	9.73568774276227	2.84238623140971e-05	0.00188616636336276
TRINITY_DN8589_c0_g3_i2	NA	NA	NA	NA	3.86799186730628	12.0956147917842	4.22268891664985e-07	0.000144380175450131
TRINITY_DN7640_c0_g1_i3	NA	NA	NA	NA	0.656509714265737	8.8549502481589	0.000134300025834344	0.00557455642213216
TRINITY_DN7415_c0_g2_i2	NA	NA	NA	NA	2.07429741250836	10.2994920393564	1.04319781861812e-05	0.000978810678836437
TRINITY_DN6403_c0_g1_i1	NA	NA	NA	NA	2.5573644593283	-4.89615383031453	0.00191156103444933	0.0479030071403061
TRINITY_DN7138_c0_g1_i1	NA	NA	NA	NA	4.06487334808954	8.35040939910328	7.3503039489328e-06	0.00082311935506708
TRINITY_DN6924_c0_g1_i1	NA	NA	NA	NA	1.33902756304539	9.55636256669414	3.90554635752008e-05	0.00231725254912508
TRINITY_DN7049_c0_g1_i8	NA	NA	NA	NA	0.96695250868166	-5.70257451936029	0.00150344046455638	0.0397495471710298
TRINITY_DN7124_c0_g2_i1	NA	NA	NA	NA	2.26857345647825	-5.17743809156529	0.00138458855477598	0.0367517169940735
TRINITY_DN6817_c0_g1_i2	NA	NA	NA	NA	3.47744483911714	5.81427370570167	0.000345992232253369	0.0112394545913804
TRINITY_DN8155_c0_g1_i3	NA	NA	NA	NA	3.55156731461163	-11.7507687032943	1.42685769997704e-06	0.000316644662045326
TRINITY_DN8454_c0_g1_i4	NA	NA	NA	NA	1.48507134058765	9.70469763268129	3.00296630870458e-05	0.00194162946620184
TRINITY_DN8537_c0_g1_i2	NA	NA	NA	NA	0.217966289654807	8.39315673990408	0.000299848662588117	0.0100479187215782
TRINITY_DN4126_c0_g2_i1	NA	NA	NA	NA	3.62382062103136	8.81967640386809	5.74774342653145e-06	0.000697194233686464
TRINITY_DN5041_c0_g1_i1	NA	NA	NA	NA	1.64579167709962	9.8674515523646	2.24969281279454e-05	0.00162222929759645
TRINITY_DN3347_c0_g1_i2	NA	NA	NA	NA	0.104454053076388	8.27154480449389	0.000369804020000016	0.0118413595166037
TRINITY_DN8573_c3_g5_i2	NA	NA	NA	NA	4.95657875045275	5.39562431486034	0.000581254232026069	0.0174229444616076
TRINITY_DN8539_c10_g1_i2	NA	NA	NA	NA	4.89840050879586	5.7256835048456	0.000332235113381888	0.0109691963048328
TRINITY_DN6144_c0_g1_i3	NA	NA	NA	NA	4.48754664832542	5.18313365355233	0.00086088218242831	0.0244255643686727
TRINITY_DN7898_c0_g1_i1	NA	NA	NA	NA	0.851727364907319	-8.93087884498104	0.000206876795184808	0.00775711076071215
TRINITY_DN8386_c0_g1_i2	NA	NA	NA	NA	2.18351951456103	10.4092857048369	8.57839131391335e-06	0.000878435979571441
TRINITY_DN8413_c0_g2_i20	NA	NA	NA	NA	2.76059060335285	5.75937145451599	0.000448066750585671	0.0136745091672689
TRINITY_DN7609_c0_g1_i5	NA	NA	NA	NA	2.41834210888795	6.69371729774531	0.000142483084806582	0.00586594136694528
TRINITY_DN4354_c0_g2_i1	NA	NA	NA	NA	0.642101911591563	-8.70190657305037	0.000306374567800088	0.0102495757151429
TRINITY_DN8214_c0_g1_i1	NA	NA	NA	NA	2.06394900083069	10.2890837188269	1.06271866795009e-05	0.000983404756355829
TRINITY_DN8419_c0_g2_i1	NA	NA	NA	NA	3.8907345362635	4.75642349856664	0.00184455145795675	0.0467291411724988
TRINITY_DN1493_c0_g2_i1	NA	NA	NA	NA	3.02980933494234	5.03104831224225	0.00130143937954109	0.0347734259648774
TRINITY_DN5751_c0_g3_i1	NA	NA	NA	NA	2.54567271564095	10.7726876698101	4.48651236898254e-06	0.000580169320637723
TRINITY_DN8131_c0_g1_i2	NA	NA	NA	NA	0.104454053076388	8.27154480449389	0.000369804020000016	0.0118413595166037
TRINITY_DN8458_c0_g2_i1	NA	NA	NA	NA	1.93366342760632	10.1579489965582	1.34220639177938e-05	0.00115710810005835
TRINITY_DN4408_c0_g1_i1	NA	NA	NA	NA	3.54454099174536	11.7722752832626	7.52457218638828e-07	0.000213039088255243
TRINITY_DN6901_c0_g1_i1	NA	NA	NA	NA	3.10574859656799	4.84116464281672	0.00174426617106879	0.0447672792226091
TRINITY_DN8599_c4_g9_i1	NA	NA	NA	NA	1.5749190734646	9.79573966593849	2.55512667298137e-05	0.00174137062074504
TRINITY_DN8335_c0_g2_i11	NA	NA	NA	NA	4.10192153903804	12.3294332026155	2.78095886542711e-07	0.000122915114538485
TRINITY_DN8257_c0_g1_i3	NA	NA	NA	NA	3.64557016335236	11.87327730836	6.28211889332587e-07	0.000183665484688497
TRINITY_DN6899_c0_g2_i2	NA	NA	NA	NA	2.09477594982803	10.3200860810584	1.00562078083817e-05	0.000966018476754686
TRINITY_DN8429_c1_g1_i1	NA	NA	NA	NA	0.143259248074654	8.31323158398307	0.00034418888600322	0.0111989070924886
TRINITY_DN21538_c0_g2_i1	NA	NA	NA	NA	0.709779073005384	8.91032777878176	0.000121891755900642	0.00522064202077208
TRINITY_DN7920_c0_g2_i1	NA	NA	NA	NA	2.56050331650525	10.7875524882645	4.36904781102596e-06	0.000576057526090371
TRINITY_DN7689_c0_g5_i1	NA	NA	NA	NA	0.395693454588813	-8.42960966745291	0.000486497434194328	0.01475806427068
TRINITY_DN8078_c0_g1_i3	NA	NA	NA	NA	5.96653683674167	4.66546667105815	0.00197303800003348	0.049199129264123
TRINITY_DN8576_c1_g6_i17	NA	NA	NA	NA	1.28712493527227	-6.0513163984862	0.000826040993770075	0.0236364893153528
TRINITY_DN4261_c0_g2_i1	NA	NA	NA	NA	0.709779073005384	8.91032777878176	0.000121891755900642	0.00522064202077208
TRINITY_DN2692_c0_g2_i1	NA	NA	NA	NA	1.64579167709962	9.8674515523646	2.24969281279454e-05	0.00162222929759645
TRINITY_DN7420_c0_g1_i2	NA	NA	NA	NA	2.03245463022773	10.2574004824161	1.12441038442509e-05	0.00102174462545078
TRINITY_DN5145_c0_g1_i1	NA	NA	NA	NA	1.51563795606288	9.73568774276227	2.84238623140971e-05	0.00188616636336276
TRINITY_DN7712_c0_g1_i1	NA	NA	NA	NA	4.89954519119711	5.38709335237144	0.000591879983680422	0.0176366246835822
TRINITY_DN6725_c0_g1_i2	NA	NA	NA	NA	1.68672135347818	9.90882776805338	2.09028951815935e-05	0.00156175594258624
TRINITY_DN6677_c0_g1_i2	NA	NA	NA	NA	1.51563795606288	9.73568774276227	2.84238623140971e-05	0.00188616636336276
TRINITY_DN1229_c0_g1_i1	NA	NA	NA	NA	2.33765824958423	10.5640633087402	6.50969548492562e-06	0.000746136858053435
TRINITY_DN8158_c0_g1_i1	NA	NA	NA	NA	2.17059312194592	6.44235174386308	0.000222776327104955	0.00817103063034229
TRINITY_DN7070_c0_g2_i1	NA	NA	NA	NA	0.601252074310362	8.79736192001196	0.000148526365073072	0.00602861642378085
TRINITY_DN4413_c0_g1_i2	NA	NA	NA	NA	0.831841018858564	5.98608135935895	0.000883913820728069	0.0249387321755907
TRINITY_DN8439_c0_g1_i9	NA	NA	NA	NA	3.14697933746377	11.3747060072106	1.53104002535005e-06	0.000318408973519448
TRINITY_DN5581_c0_g2_i1	NA	NA	NA	NA	0.683384046263904	8.88290470394567	0.000127887931455362	0.00539724527457951
TRINITY_DN15820_c0_g1_i1	NA	NA	NA	NA	1.96734424234462	10.1918669612396	1.26357115883124e-05	0.00111310135314859
TRINITY_DN8031_c0_g1_i1	NA	NA	NA	NA	5.28455187785111	-5.14940495589787	0.000887697418018297	0.0250105028124066
TRINITY_DN8579_c0_g1_i2	NA	NA	NA	NA	0.905513661251844	9.11275136720843	8.5442174290735e-05	0.00402716117282009
TRINITY_DN19167_c0_g1_i1	NA	NA	NA	NA	0.0966016755027454	-8.09367535720147	0.000853654786901182	0.0242546169241656
TRINITY_DN7144_c0_g1_i10	NA	NA	NA	NA	2.33765824958423	10.5640633087402	6.50969548492562e-06	0.000746136858053435
TRINITY_DN7418_c0_g1_i4	NA	NA	NA	NA	4.31726126555007	6.6651710045423	7.58046998633188e-05	0.00372977612278715
TRINITY_DN8480_c0_g2_i2	NA	NA	NA	NA	5.72915378367072	8.7505182647782	2.12211748146436e-06	0.00037225631263983
TRINITY_DN5662_c0_g2_i1	NA	NA	NA	NA	2.77805141752833	7.97128363040843	2.6262887788293e-05	0.00178384254327688
TRINITY_DN8412_c2_g2_i3	NA	NA	NA	NA	0.510555700437228	5.64578783680927	0.0015917769937924	0.0416484011618341
TRINITY_DN5599_c0_g1_i1	NA	NA	NA	NA	1.15762763500511	9.37141015257607	5.41626057575229e-05	0.00296908219007204
TRINITY_DN4939_c0_g1_i1	NA	NA	NA	NA	4.18060702242892	4.80847729749702	0.00165500334605328	0.0429721745019762
TRINITY_DN7021_c0_g1_i2	NA	NA	NA	NA	3.40331589878266	11.6310717801681	9.68401073813414e-07	0.00025045583156459
TRINITY_DN4860_c0_g2_i1	NA	NA	NA	NA	2.10490809345046	10.330273900639	9.87533539031333e-06	0.000962391984680149
TRINITY_DN7030_c0_g1_i2	NA	NA	NA	NA	2.2212862860514	10.4472259993816	8.01744637499779e-06	0.000860297583632077
TRINITY_DN8575_c0_g1_i4	NA	NA	NA	NA	1.71338394587442	9.93576702296371	1.99259947229355e-05	0.00152839198306379
TRINITY_DN6181_c0_g1_i4	NA	NA	NA	NA	0.835117668763568	9.04012980804928	9.70732060736965e-05	0.00444049384608771
TRINITY_DN7583_c0_g1_i1	NA	NA	NA	NA	2.92971619178809	11.15731746908	2.25758566513107e-06	0.000385951488327874
TRINITY_DN6195_c0_g1_i3	NA	NA	NA	NA	2.35726130809098	5.66545009074162	0.000583441534990147	0.0174366904968241
TRINITY_DN478_c0_g2_i1	NA	NA	NA	NA	0.181080598939552	8.35374757184883	0.000320962813419348	0.0106143980903418
TRINITY_DN5312_c0_g1_i8	NA	NA	NA	NA	1.83638987994554	-9.98143610535186	3.30748640258845e-05	0.00208506009998178
TRINITY_DN22606_c0_g2_i1	NA	NA	NA	NA	0.792046747009187	-8.86592024349322	0.000231330853763152	0.00837896812156298
TRINITY_DN8265_c2_g1_i3	NA	NA	NA	NA	1.82768016697539	10.0511309261833	1.62313353444738e-05	0.00132030132219383
TRINITY_DN4508_c0_g1_i2	NA	NA	NA	NA	3.40380880218589	4.82004256259008	0.00173926356538018	0.0446957501967063
TRINITY_DN2621_c0_g1_i1	NA	NA	NA	NA	0.928251846654612	9.13616830826317	8.19943923760098e-05	0.00395711214689293
TRINITY_DN2262_c0_g2_i1	NA	NA	NA	NA	0.357001840920201	8.54083666077031	0.000232183769392441	0.00837896812156298
TRINITY_DN7991_c0_g1_i2	NA	NA	NA	NA	3.54983563255379	7.27748861073721	3.84766808795379e-05	0.00231008953387773
TRINITY_DN13623_c0_g2_i1	NA	NA	NA	NA	1.33902756304539	9.55636256669414	3.90554635752008e-05	0.00231725254912508
TRINITY_DN3055_c0_g2_i1	NA	NA	NA	NA	0.735711408514762	8.93723929823206	0.000116277666736495	0.00508821989387271
TRINITY_DN7470_c0_g1_i4	NA	NA	NA	NA	6.64223834353578	-7.27663401104661	2.09930011427637e-05	0.0015627004134796
TRINITY_DN8530_c1_g6_i1	NA	NA	NA	NA	4.65339494476136	4.73338736257017	0.00182889953764189	0.0465250824373894
TRINITY_DN5656_c0_g1_i1	NA	NA	NA	NA	0.253961052466048	8.431517955983	0.000280607425793534	0.00951377075719825
TRINITY_DN2717_c0_g1_i1	NA	NA	NA	NA	1.13819161148628	9.35154084768447	5.60964373687556e-05	0.00304202535225782
TRINITY_DN5901_c0_g1_i4	NA	NA	NA	NA	4.65696242874996	8.38899151048741	5.24277621637814e-06	0.000665173110773561
TRINITY_DN6378_c0_g1_i3	NA	NA	NA	NA	1.99291876502732	5.29069524442645	0.0011269971035192	0.0308061145925377
TRINITY_DN6933_c0_g1_i27	NA	NA	NA	NA	0.453364335386432	8.64245213437764	0.000194593605204847	0.00739272466628507
TRINITY_DN6933_c0_g1_i30	NA	NA	NA	NA	0.708327332550013	-8.77449252054038	0.000270608973903375	0.00929982083569468
TRINITY_DN7911_c0_g1_i1	NA	NA	NA	NA	3.47907207005288	-11.6769479598835	1.62766738811804e-06	0.000328349342205053
TRINITY_DN4828_c0_g2_i1	NA	NA	NA	NA	1.61785378627795	9.83919309090324	2.36545429274754e-05	0.00168022216364775
TRINITY_DN8573_c3_g3_i7	NA	NA	NA	NA	1.24088698781381	-9.35046331629482	9.99998125134785e-05	0.00454400639318475
TRINITY_DN8589_c0_g3_i8	NA	NA	NA	NA	4.70058571188707	12.9277837530639	9.55487844895576e-08	0.000103076979989703
TRINITY_DN7950_c0_g1_i6	NA	NA	NA	NA	1.37276318578242	9.59066898559846	3.67538564733033e-05	0.00223323959830105
TRINITY_DN8162_c0_g2_i2	NA	NA	NA	NA	1.43798993801646	9.65692738388516	3.26833154378223e-05	0.00207333497587166
TRINITY_DN85_c0_g1_i1	NA	NA	NA	NA	0.972702467072175	9.18189187142393	7.56545404653852e-05	0.00372977612278715
TRINITY_DN7745_c0_g1_i12	NA	NA	NA	NA	0.831841018858564	5.98608135935895	0.000883913820728069	0.0249387321755907
TRINITY_DN8329_c0_g1_i5	NA	NA	NA	NA	3.38673722890536	11.6144941544032	9.97514995704191e-07	0.000251535875104258
TRINITY_DN11021_c0_g2_i1	NA	NA	NA	NA	1.66050311349964	-9.79627670469418	4.58212066963699e-05	0.00264857078133487
TRINITY_DN8424_c0_g1_i2	NA	NA	NA	NA	6.69222797847043	11.8893834686183	2.37096923513698e-08	5.9786952975523e-05
TRINITY_DN5187_c0_g1_i2	NA	NA	NA	NA	1.38934417332548	9.60752104709735	3.56731259290772e-05	0.00219400600416852
TRINITY_DN6630_c0_g1_i2	NA	NA	NA	NA	2.37166635069188	10.5981892395212	6.12528671607445e-06	0.000726855346608058
TRINITY_DN6552_c0_g1_i2	NA	NA	NA	NA	4.61903351330314	5.00052344165338	0.00116361370735095	0.0316782446941844
TRINITY_DN5851_c0_g2_i1	NA	NA	NA	NA	6.18679406301806	6.19087852017976	0.000137731582173828	0.00570525504557008
TRINITY_DN7127_c0_g2_i1	NA	NA	NA	NA	2.49253750608257	10.719420478728	4.93393438070915e-06	0.000629951001658518
TRINITY_DN18392_c0_g1_i1	NA	NA	NA	NA	2.24898078916423	10.4750404619611	7.62959495230919e-06	0.000841048191108926
TRINITY_DN8286_c2_g1_i10	NA	NA	NA	NA	4.33097885526945	-12.541138713118	3.48219811378483e-07	0.000135089197210349
TRINITY_DN8582_c0_g1_i1	NA	NA	NA	NA	2.33765824958423	10.5640633087402	6.50969548492562e-06	0.000746136858053435
TRINITY_DN3178_c0_g1_i4	NA	NA	NA	NA	2.97474906509532	11.2023859226092	2.08296477501789e-06	0.000370754835658599
TRINITY_DN8373_c0_g1_i1	NA	NA	NA	NA	2.98579168970533	11.2134364375374	2.04225075619588e-06	0.000370754835658599
TRINITY_DN4692_c0_g2_i2	NA	NA	NA	NA	0.524290900960635	-8.57217283439607	0.000382142993409807	0.0121401111906394
TRINITY_DN8335_c0_g2_i8	NA	NA	NA	NA	1.71338394587442	9.93576702296371	1.99259947229355e-05	0.00152839198306379
TRINITY_DN8610_c0_g1_i13	NA	NA	NA	NA	2.966453887283	5.29189969751047	0.000871488495831303	0.0246571352403995
TRINITY_DN5207_c0_g1_i1	NA	NA	NA	NA	3.15678677272072	11.3845166135825	1.50443807693224e-06	0.000318408973519448
TRINITY_DN4668_c0_g1_i3	NA	NA	NA	NA	1.88424721090054	-10.0316604367649	3.02712922784936e-05	0.00195099929435799
TRINITY_DN8422_c0_g2_i6	NA	NA	NA	NA	0.323441363318388	8.50530959040812	0.000246943216981433	0.0087703970355043
TRINITY_DN4377_c0_g1_i2	NA	NA	NA	NA	3.00762731212575	11.2352867351339	1.96407254075985e-06	0.000360193048770441
TRINITY_DN8358_c0_g1_i7	NA	NA	NA	NA	2.67831328910085	6.95660012504321	8.91698887064866e-05	0.00417360595098829
TRINITY_DN6978_c0_g1_i3	NA	NA	NA	NA	2.32903026582252	10.5554041883237	6.61100596096674e-06	0.00075346792796939
TRINITY_DN6101_c0_g1_i1	NA	NA	NA	NA	0.686596439632757	-8.75070068582159	0.000281857056329484	0.00954010469351456
TRINITY_DN8498_c2_g1_i8	NA	NA	NA	NA	0.85895803626576	9.06474541297197	9.29651805787535e-05	0.00428170453839085
TRINITY_DN8431_c0_g1_i3	NA	NA	NA	NA	1.28458754915943	-9.39718699213151	9.2177713715138e-05	0.00428170453839085
TRINITY_DN8545_c3_g4_i1	NA	NA	NA	NA	0.289106490473772	8.46888551286467	0.000263032197671259	0.00911709368319983
TRINITY_DN5703_c0_g1_i5	NA	NA	NA	NA	3.1070707449337	11.3347825125367	1.6442328383203e-06	0.000328407020271639
TRINITY_DN2218_c0_g1_i1	NA	NA	NA	NA	1.37276318578242	9.59066898559846	3.67538564733033e-05	0.00223323959830105
