gid	gname	chr	start	end	logCPM	logFC.AG.TC	PV.AG.TC	FDR.AG.TC
TRINITY_DN7883_c0_g1_i1	NA	NA	NA	NA	2.13488770107481	-10.3604126860492	4.0548458289349e-05	0.00417338800546447
TRINITY_DN1879_c0_g1_i1	NA	NA	NA	NA	0.357001840920201	-8.54083666077031	0.000578749280810347	0.0213193306513371
TRINITY_DN8034_c0_g1_i2	NA	NA	NA	NA	4.11208914865458	-6.13685129825813	0.000696612538923626	0.0241456438964026
TRINITY_DN8422_c0_g2_i2	NA	NA	NA	NA	0.421932673272355	-8.609369227289	0.000524153631964247	0.0201404785097424
TRINITY_DN3987_c0_g2_i1	NA	NA	NA	NA	1.52182316621568	9.64960915186179	0.000186776542055903	0.00999427899971812
TRINITY_DN6695_c0_g1_i1	NA	NA	NA	NA	3.76907860236275	-11.9967424246617	3.65971632917499e-06	0.0012020293019251
TRINITY_DN16578_c0_g1_i1	NA	NA	NA	NA	0.38982172947472	-8.57550984491727	0.00055046068819342	0.020755969089581
TRINITY_DN7181_c0_g1_i2	NA	NA	NA	NA	6.13399927815808	-14.3606265796675	1.14737595857845e-07	0.000603076619094541
TRINITY_DN2531_c0_g1_i1	NA	NA	NA	NA	1.0158513684337	-9.22621071642464	0.000213780459188589	0.0109456680284554
TRINITY_DN8589_c0_g3_i1	NA	NA	NA	NA	6.37916427208628	-14.605728361896	8.02203655933902e-08	0.000603076619094541
TRINITY_DN7031_c0_g2_i1	NA	NA	NA	NA	1.54589529320312	9.67511273148587	0.000179979047767548	0.00983626522582235
TRINITY_DN8552_c0_g1_i11	NA	NA	NA	NA	4.28090946213629	-12.5083283139944	1.7270469643376e-06	0.00087965588100238
TRINITY_DN3431_c0_g2_i1	NA	NA	NA	NA	1.37276318578242	-9.59066898559846	0.000125462553421709	0.00776366898827038
TRINITY_DN2869_c0_g1_i1	NA	NA	NA	NA	0.750808601063831	8.82093051548539	0.000617664526010221	0.0223300116186455
TRINITY_DN561_c0_g3_i1	NA	NA	NA	NA	3.07542787511824	-8.26991399517935	7.64566264814355e-05	0.00593215202311538
TRINITY_DN1183_c0_g2_i1	NA	NA	NA	NA	0.85895803626576	-9.06474541297197	0.000270546671846896	0.0126924139794592
TRINITY_DN5072_c0_g1_i1	NA	NA	NA	NA	3.90505402782196	12.1099100185175	5.08776576363214e-06	0.00145031515513973
TRINITY_DN8530_c1_g10_i1	NA	NA	NA	NA	5.3830917448739	-13.6099736867646	3.4378312363588e-07	0.000750322703352851
TRINITY_DN8265_c2_g1_i1	NA	NA	NA	NA	2.68078907407722	-10.9080771774322	1.81277400105293e-05	0.00260918864229623
TRINITY_DN7793_c0_g1_i1	NA	NA	NA	NA	3.88875486726827	-12.1163686428897	3.07010911969678e-06	0.00110085767324444
TRINITY_DN4890_c0_g1_i1	NA	NA	NA	NA	1.19574507184902	-9.41034619752506	0.000163351160334258	0.00933507919949857
TRINITY_DN8284_c0_g1_i3	NA	NA	NA	NA	1.35599243289456	-9.57361774699047	0.000128634706202277	0.00791142661042235
TRINITY_DN5591_c0_g2_i1	NA	NA	NA	NA	0.596154719082888	8.65140422655422	0.000786748388658271	0.0264077791088241
TRINITY_DN8586_c0_g1_i1	NA	NA	NA	NA	3.06149300327805	11.2504401576734	1.79651205800389e-05	0.00260726890259802
TRINITY_DN8485_c0_g1_i5	NA	NA	NA	NA	1.64579167709962	-9.8674515523646	8.36227914580709e-05	0.00614885951281205
TRINITY_DN7772_c0_g2_i2	NA	NA	NA	NA	3.54309391456553	-7.82697362905152	9.5967158578078e-05	0.00660855971780564
TRINITY_DN1935_c0_g1_i2	NA	NA	NA	NA	0.994434901478148	-9.20422146873081	0.000220753309517226	0.0112455972547752
TRINITY_DN4972_c0_g3_i1	NA	NA	NA	NA	2.17392244758195	-10.3996426548027	3.82770620859741e-05	0.00398022254361007
TRINITY_DN8482_c2_g4_i1	NA	NA	NA	NA	0.543853837408771	-8.73737890755762	0.000435443807580632	0.0177817974298058
TRINITY_DN8187_c0_g1_i2	NA	NA	NA	NA	3.18581624681054	-11.4135543893715	8.62185541716522e-06	0.00191130427835686
TRINITY_DN267_c0_g2_i1	NA	NA	NA	NA	2.82295778076559	-11.0504508540161	1.47039068501391e-05	0.00239211220070852
TRINITY_DN7982_c0_g2_i2	NA	NA	NA	NA	3.27407726986248	-11.5018314052569	7.57266589205142e-06	0.00179721634165121
TRINITY_DN8335_c0_g2_i5	NA	NA	NA	NA	3.39505033323212	-11.6228067782918	6.33918413696682e-06	0.00161815161609804
TRINITY_DN8257_c0_g1_i2	NA	NA	NA	NA	0.928251846654612	-9.13616830826317	0.000243795397702663	0.0121434186613724
TRINITY_DN3925_c0_g1_i1	NA	NA	NA	NA	0.357001840920201	-8.54083666077031	0.000578749280810347	0.0213193306513371
TRINITY_DN8222_c4_g2_i2	NA	NA	NA	NA	2.20252559056752	-10.428380568736	3.66941977096635e-05	0.00391657169522244
TRINITY_DN8743_c0_g1_i1	NA	NA	NA	NA	1.14922411501767	9.25221560823011	0.000332219873453656	0.014697086638554
TRINITY_DN8519_c1_g8_i6	NA	NA	NA	NA	3.94365163185826	-12.1712404210526	2.83246341961911e-06	0.00107809970875427
TRINITY_DN7993_c0_g1_i3	NA	NA	NA	NA	2.84130654087495	-11.0688207727675	1.43120871330734e-05	0.00238609697302057
TRINITY_DN5355_c0_g1_i3	NA	NA	NA	NA	1.48507134058765	-9.70469763268129	0.000106160586752539	0.00697582252950806
TRINITY_DN3980_c0_g1_i1	NA	NA	NA	NA	2.12496302081638	-10.3504362185459	4.11472471370128e-05	0.00419223947724727
TRINITY_DN8560_c1_g4_i6	NA	NA	NA	NA	0.0646130128341675	-8.22861754994908	0.000907234111083943	0.0289582812071145
TRINITY_DN6260_c0_g1_i2	NA	NA	NA	NA	0.709779073005384	-8.91032777878176	0.000338735061831871	0.0147269448326171
TRINITY_DN5705_c0_g1_i3	NA	NA	NA	NA	1.19574507184902	-9.41034619752506	0.000163351160334258	0.00933507919949857
TRINITY_DN719_c0_g2_i1	NA	NA	NA	NA	0.601252074310362	-8.79736192001196	0.000399150890764026	0.0166365101640138
TRINITY_DN7745_c0_g1_i3	NA	NA	NA	NA	0.143259248074654	-8.31323158398307	0.000803440950643072	0.0266138165801686
TRINITY_DN914_c0_g1_i1	NA	NA	NA	NA	0.735711408514762	-8.93723929823206	0.000325733453462743	0.0145376569838582
TRINITY_DN4359_c0_g1_i2	NA	NA	NA	NA	1.01697721963623	9.10985699043459	0.000407947692009923	0.0169331868125847
TRINITY_DN8158_c0_g1_i3	NA	NA	NA	NA	3.45606690656412	-6.46557161874802	0.00049861408722354	0.0194583504307756
TRINITY_DN8545_c3_g2_i1	NA	NA	NA	NA	0.905513661251844	-9.11275136720843	0.000252263638515532	0.0122329672590717
TRINITY_DN6939_c0_g1_i2	NA	NA	NA	NA	2.97474906509532	-11.2023859226092	1.17603376641775e-05	0.00213730893422931
TRINITY_DN14038_c0_g2_i1	NA	NA	NA	NA	0.254112444569743	8.27139837064798	0.00134691572127236	0.0407977940619029
TRINITY_DN3715_c0_g2_i1	NA	NA	NA	NA	0.453364335386432	-8.64245213437764	0.000499649309628799	0.0194583504307756
TRINITY_DN6515_c0_g1_i2	NA	NA	NA	NA	0.453364335386432	-8.64245213437764	0.000499649309628799	0.0194583504307756
TRINITY_DN2684_c0_g2_i1	NA	NA	NA	NA	1.60368191070807	-9.82485354790284	8.90141685303598e-05	0.00634516898149452
TRINITY_DN7951_c0_g2_i1	NA	NA	NA	NA	3.67633407523873	8.54380070690601	5.37910114291383e-05	0.00479697096045034
TRINITY_DN7342_c0_g1_i1	NA	NA	NA	NA	5.36151533245479	-6.63426688726716	0.000312128257285093	0.0141459634088203
TRINITY_DN7074_c0_g1_i1	NA	NA	NA	NA	5.26389339917155	6.81578726524403	0.000252986510091714	0.0122386016021107
TRINITY_DN7718_c0_g2_i1	NA	NA	NA	NA	3.10831502700083	-6.42956760035074	0.000563154820262842	0.0210770356014143
TRINITY_DN6665_c0_g1_i1	NA	NA	NA	NA	4.5466582347846	-12.7739363456123	1.16981721781534e-06	0.00087965588100238
TRINITY_DN6335_c0_g1_i3	NA	NA	NA	NA	1.89918521571899	-10.1232143775456	5.74509217389445e-05	0.00495280959076806
TRINITY_DN5773_c0_g1_i1	NA	NA	NA	NA	3.88580693807321	-12.1134220233091	3.0834212272245e-06	0.00110085767324444
TRINITY_DN6192_c0_g3_i1	NA	NA	NA	NA	0.0236798939103389	-8.18437372444889	0.000966636405194394	0.030232490235638
TRINITY_DN6079_c0_g2_i3	NA	NA	NA	NA	3.88168970183042	-8.16673661596034	5.80865899894097e-05	0.00497534191382879
TRINITY_DN7961_c1_g1_i1	NA	NA	NA	NA	3.89756272070709	-12.1251725630279	3.03067701594524e-06	0.00110085767324444
TRINITY_DN8439_c0_g1_i2	NA	NA	NA	NA	4.14448077382445	-12.3719707516718	2.10959951232033e-06	0.000983610233225278
TRINITY_DN4802_c0_g2_i1	NA	NA	NA	NA	0.927567489390257	9.01317677069542	0.000468834767046911	0.0188027907666746
TRINITY_DN6132_c0_g1_i1	NA	NA	NA	NA	4.55781743043981	-12.7850896732108	1.15084245591885e-06	0.00087965588100238
TRINITY_DN8569_c0_g1_i2	NA	NA	NA	NA	5.77799996575249	-5.74040475154592	0.00109851034033933	0.0339360629336376
TRINITY_DN561_c0_g1_i1	NA	NA	NA	NA	1.03696082924025	-9.24786983420597	0.000207126130526185	0.0107412736018117
TRINITY_DN8498_c2_g1_i5	NA	NA	NA	NA	3.327167057975	-11.5549247602896	7.00421117261712e-06	0.00170236086729163
TRINITY_DN6912_c0_g1_i1	NA	NA	NA	NA	1.1768099643468	-9.39100952380638	0.000168035886361475	0.00949520430131664
TRINITY_DN8284_c0_g1_i12	NA	NA	NA	NA	2.03245463022773	-10.2574004824161	4.71741309089537e-05	0.0044469333776931
TRINITY_DN3677_c0_g1_i2	NA	NA	NA	NA	2.91823558380361	-11.145826883559	1.2780060154552e-05	0.00220352267946818
TRINITY_DN1597_c0_g2_i1	NA	NA	NA	NA	0.750808601063831	8.82093051548539	0.000617664526010221	0.0223300116186455
TRINITY_DN8081_c0_g1_i11	NA	NA	NA	NA	0.656509714265737	-8.8549502481589	0.00036712718164056	0.0155263241828826
TRINITY_DN4698_c0_g2_i1	NA	NA	NA	NA	0.499496047723264	8.54476498984075	0.000915520545077047	0.0291305929902828
TRINITY_DN8329_c0_g1_i4	NA	NA	NA	NA	3.14592538973081	11.3368697998	1.58248999986048e-05	0.00249358539652488
TRINITY_DN528_c0_g1_i1	NA	NA	NA	NA	2.04435870586209	10.1992365977123	8.38217600765039e-05	0.00614885951281205
TRINITY_DN6312_c0_g2_i3	NA	NA	NA	NA	5.35178532869705	-9.08508331335563	1.2398120022888e-05	0.00220352267946818
TRINITY_DN3042_c0_g1_i1	NA	NA	NA	NA	1.58937124709407	-9.81037004618855	9.09250630371767e-05	0.0064358992864876
TRINITY_DN7807_c2_g2_i4	NA	NA	NA	NA	2.17392244758195	-10.3996426548027	3.82770620859741e-05	0.00398022254361007
TRINITY_DN8365_c0_g2_i2	NA	NA	NA	NA	4.39521974330295	-12.622578025976	1.46055231023718e-06	0.00087965588100238
TRINITY_DN8430_c0_g1_i4	NA	NA	NA	NA	1.03696082924025	-9.24786983420597	0.000207126130526185	0.0107412736018117
TRINITY_DN506_c0_g2_i1	NA	NA	NA	NA	2.83521608654894	-11.062723419101	1.44409684036448e-05	0.0023878496361207
TRINITY_DN708_c0_g2_i1	NA	NA	NA	NA	1.13819161148628	-9.35154084768447	0.000178016464844255	0.00981182006913428
TRINITY_DN827_c0_g1_i1	NA	NA	NA	NA	0.357001840920201	-8.54083666077031	0.000578749280810347	0.0213193306513371
TRINITY_DN6188_c0_g2_i1	NA	NA	NA	NA	6.36681506573512	-6.56224219625282	0.000328874615541933	0.0146131885888269
TRINITY_DN10798_c0_g2_i1	NA	NA	NA	NA	0.38982172947472	-8.57550984491727	0.00055046068819342	0.020755969089581
TRINITY_DN6665_c0_g1_i2	NA	NA	NA	NA	0.283595459563254	8.30445911419756	0.00128573769363367	0.0391800400206525
TRINITY_DN8448_c0_g2_i1	NA	NA	NA	NA	1.30449730611541	-9.5212204490668	0.000138890551342518	0.0083636987827839
TRINITY_DN16473_c0_g1_i1	NA	NA	NA	NA	1.96734424234462	-10.1918669612396	5.19409649719976e-05	0.00471984273144193
TRINITY_DN16943_c0_g1_i1	NA	NA	NA	NA	0.708327332550013	8.77449252054038	0.000660065883534343	0.0231977509904849
TRINITY_DN561_c0_g4_i1	NA	NA	NA	NA	0.289106490473772	-8.46888551286467	0.000642102401514138	0.0227247925363942
TRINITY_DN7765_c0_g1_i3	NA	NA	NA	NA	1.70388278983898	9.84202968834156	0.000141164256618302	0.00847531710940778
TRINITY_DN8294_c0_g2_i2	NA	NA	NA	NA	1.73956819650873	-9.96221245177167	7.27684092704126e-05	0.00580220205617405
TRINITY_DN8545_c3_g1_i9	NA	NA	NA	NA	2.87512299880199	-7.15514644692121	0.000258899995989985	0.0123762787182606
TRINITY_DN6628_c0_g1_i1	NA	NA	NA	NA	2.56786211338882	-10.7949278543281	2.14088069105413e-05	0.00289852256245872
TRINITY_DN8468_c0_g3_i2	NA	NA	NA	NA	0.193217343980983	8.20291336479402	0.00148277242608413	0.0445118573681475
TRINITY_DN7343_c0_g1_i2	NA	NA	NA	NA	1.13819161148628	-9.35154084768447	0.000178016464844255	0.00981182006913428
TRINITY_DN8564_c0_g2_i13	NA	NA	NA	NA	0.994434901478148	-9.20422146873081	0.000220753309517226	0.0112455972547752
TRINITY_DN4345_c0_g1_i1	NA	NA	NA	NA	1.60368191070807	-9.82485354790284	8.90141685303598e-05	0.00634516898149452
TRINITY_DN2517_c0_g1_i1	NA	NA	NA	NA	1.93366342760632	-10.1579489965582	5.45939195252568e-05	0.00479697096045034
TRINITY_DN6677_c0_g1_i7	NA	NA	NA	NA	0.0236798939103389	-8.18437372444889	0.000966636405194394	0.030232490235638
TRINITY_DN7240_c0_g2_i1	NA	NA	NA	NA	2.26715475181952	-10.4932899184196	3.33554805556604e-05	0.00378022533286145
TRINITY_DN8339_c0_g1_i2	NA	NA	NA	NA	5.7808949022688	-14.0076298190474	1.92179826734674e-07	0.000646140607453096
TRINITY_DN7886_c0_g1_i4	NA	NA	NA	NA	3.08669580308162	-11.3143986746273	9.97477536360572e-06	0.00199228854861404
TRINITY_DN8509_c0_g1_i2	NA	NA	NA	NA	3.76266570641264	-11.9903320086039	3.69433483960523e-06	0.0012020293019251
TRINITY_DN8044_c0_g1_i3	NA	NA	NA	NA	3.56548163515959	-6.09597174783387	0.000790917932570336	0.0265036336440887
TRINITY_DN6534_c0_g1_i3	NA	NA	NA	NA	0.0646130128341675	-8.22861754994908	0.000907234111083943	0.0289582812071145
TRINITY_DN8544_c0_g1_i3	NA	NA	NA	NA	2.66324298978395	10.841243517895	3.27437555258887e-05	0.00373186316510595
TRINITY_DN8483_c0_g1_i2	NA	NA	NA	NA	0.0646130128341675	-8.22861754994908	0.000907234111083943	0.0289582812071145
TRINITY_DN6794_c0_g1_i1	NA	NA	NA	NA	2.17392244758195	-10.3996426548027	3.82770620859741e-05	0.00398022254361007
TRINITY_DN11402_c0_g2_i1	NA	NA	NA	NA	4.78359260795617	12.9979802219104	1.38285648171252e-06	0.00087965588100238
TRINITY_DN7945_c1_g1_i2	NA	NA	NA	NA	2.63946569786503	-10.8666791174373	1.92653856855075e-05	0.00266192209201193
TRINITY_DN2862_c0_g1_i1	NA	NA	NA	NA	1.61576085083586	9.74902507431503	0.000161633835475455	0.00933507919949857
TRINITY_DN1266_c0_g2_i1	NA	NA	NA	NA	1.85190709621664	-10.0755611155453	6.16147358135969e-05	0.00515748574924353
TRINITY_DN8591_c0_g1_i4	NA	NA	NA	NA	4.20536659986049	-6.38309342863435	0.000493037793450861	0.0194583504307756
TRINITY_DN3574_c0_g3_i1	NA	NA	NA	NA	0.572830726016005	-8.76768213096688	0.000416718608864443	0.0171560499931069
TRINITY_DN611_c0_g1_i1	NA	NA	NA	NA	0.323441363318388	-8.50530959040812	0.000609220741172156	0.0221039748411257
TRINITY_DN2914_c0_g1_i1	NA	NA	NA	NA	2.23980782380491	-10.465828429451	3.4729283967078e-05	0.0038283816692233
TRINITY_DN8135_c1_g1_i2	NA	NA	NA	NA	1.86529639014505	10.0117800222595	0.000110215352554442	0.00717217518413148
TRINITY_DN7731_c0_g1_i1	NA	NA	NA	NA	0.601252074310362	-8.79736192001196	0.000399150890764026	0.0166365101640138
TRINITY_DN8279_c2_g2_i2	NA	NA	NA	NA	5.18499327535709	-13.4119590396017	4.59356385343551e-07	0.000842417851048678
TRINITY_DN1755_c0_g1_i1	NA	NA	NA	NA	0.905513661251844	-9.11275136720843	0.000252263638515532	0.0122329672590717
TRINITY_DN7696_c0_g2_i4	NA	NA	NA	NA	0.945907749513403	9.03303807906386	0.000455636939876021	0.0183464351060259
TRINITY_DN8499_c0_g1_i2	NA	NA	NA	NA	4.69890653745277	-12.9261054401543	9.35916450884421e-07	0.00087965588100238
TRINITY_DN1190_c0_g1_i1	NA	NA	NA	NA	1.71338394587442	-9.93576702296371	7.56478507264116e-05	0.00589206213399189
TRINITY_DN6933_c0_g1_i13	NA	NA	NA	NA	2.0858258778033	10.2425277226448	7.86822364008026e-05	0.00596831597406042
TRINITY_DN6018_c0_g2_i3	NA	NA	NA	NA	3.8378028555091	-12.065438755272	3.30851478752438e-06	0.0011274706255822
TRINITY_DN7253_c0_g1_i5	NA	NA	NA	NA	4.03324935960584	-8.3187069490899	4.64049257515398e-05	0.00441569135465006
TRINITY_DN7098_c0_g2_i1	NA	NA	NA	NA	2.09477594982803	-10.3200860810584	4.3023695150181e-05	0.00429661882309209
TRINITY_DN6677_c0_g1_i1	NA	NA	NA	NA	0.217966289654807	-8.39315673990408	0.000716161087581674	0.0245699279248046
TRINITY_DN2533_c0_g1_i1	NA	NA	NA	NA	0.453364335386432	-8.64245213437764	0.000499649309628799	0.0194583504307756
TRINITY_DN8024_c1_g1_i8	NA	NA	NA	NA	0.543853837408771	-8.73737890755762	0.000435443807580632	0.0177817974298058
TRINITY_DN7152_c0_g2_i1	NA	NA	NA	NA	2.77921759956395	-11.0066555979031	1.56818598717071e-05	0.00249094613536966
TRINITY_DN4993_c0_g2_i1	NA	NA	NA	NA	1.23289830613041	-9.44825897638668	0.000154539552697254	0.00901019189757717
TRINITY_DN6907_c0_g1_i1	NA	NA	NA	NA	0.38982172947472	-8.57550984491727	0.00055046068819342	0.020755969089581
TRINITY_DN4651_c0_g2_i1	NA	NA	NA	NA	3.26891789941195	-6.01592806414854	0.000921925308489429	0.0292881877923736
TRINITY_DN5318_c0_g1_i2	NA	NA	NA	NA	0.0646130128341675	-8.22861754994908	0.000907234111083943	0.0289582812071145
TRINITY_DN8065_c0_g1_i8	NA	NA	NA	NA	1.71338394587442	-9.93576702296371	7.56478507264116e-05	0.00589206213399189
TRINITY_DN7918_c1_g1_i1	NA	NA	NA	NA	3.11715159613058	-11.3448674377941	9.53785755510995e-06	0.00197253459095236
TRINITY_DN8413_c0_g2_i17	NA	NA	NA	NA	2.8417705037463	-5.84215751822318	0.00124830913418481	0.0381547578241064
TRINITY_DN6326_c0_g3_i1	NA	NA	NA	NA	0.905513661251844	-9.11275136720843	0.000252263638515532	0.0122329672590717
TRINITY_DN6288_c0_g1_i2	NA	NA	NA	NA	7.5410793644623	-8.32919683640243	2.46957867445357e-05	0.00317317264966572
TRINITY_DN8546_c0_g4_i1	NA	NA	NA	NA	0.104454053076388	-8.27154480449389	0.000853029808623022	0.027710419209907
TRINITY_DN8497_c0_g1_i2	NA	NA	NA	NA	0.761196821019198	-8.96365799862659	0.000313450931628548	0.0141459634088203
TRINITY_DN8024_c1_g1_i11	NA	NA	NA	NA	1.25112820835169	-9.4668481772012	0.000150393411660547	0.00884859774684031
TRINITY_DN7589_c0_g2_i2	NA	NA	NA	NA	1.19574507184902	-9.41034619752506	0.000163351160334258	0.00933507919949857
TRINITY_DN5717_c0_g1_i4	NA	NA	NA	NA	0.0646130128341675	-8.22861754994908	0.000907234111083943	0.0289582812071145
TRINITY_DN6201_c0_g1_i1	NA	NA	NA	NA	0.735711408514762	-8.93723929823206	0.000325733453462743	0.0145376569838582
TRINITY_DN8521_c1_g1_i1	NA	NA	NA	NA	2.94676814450308	-11.1743835510583	1.22546031247133e-05	0.00220352267946818
TRINITY_DN8113_c0_g1_i1	NA	NA	NA	NA	4.30318168813641	-12.5305887761118	1.67155558200022e-06	0.00087965588100238
TRINITY_DN7411_c0_g2_i1	NA	NA	NA	NA	3.27816638003239	7.20610905938491	0.000246431751201046	0.0122329672590717
TRINITY_DN8142_c0_g2_i1	NA	NA	NA	NA	1.82768016697539	-10.0511309261833	6.38647528473157e-05	0.00523716934629634
TRINITY_DN7740_c0_g4_i1	NA	NA	NA	NA	3.88057326768833	6.27653670853225	0.000633023719006892	0.0227247925363942
TRINITY_DN8586_c0_g1_i2	NA	NA	NA	NA	4.55261175651355	-7.88398224803028	6.56518809286989e-05	0.00534030400796227
TRINITY_DN243_c0_g1_i3	NA	NA	NA	NA	0.871072782734959	8.95189761853455	0.000511971170119538	0.019785429913451
TRINITY_DN7303_c0_g1_i1	NA	NA	NA	NA	0.629138555623814	-8.82644341052036	0.000382648229261914	0.0161488760018841
TRINITY_DN5312_c0_g1_i5	NA	NA	NA	NA	1.83638987994554	9.98143610535186	0.000115204192583927	0.0073778227841129
TRINITY_DN6906_c0_g1_i2	NA	NA	NA	NA	2.2212862860514	-10.4472259993816	3.56918669448495e-05	0.0038919569290727
TRINITY_DN7920_c0_g3_i1	NA	NA	NA	NA	2.54567271564095	-10.7726876698101	2.21204015878054e-05	0.00291656772046273
TRINITY_DN1201_c0_g1_i1	NA	NA	NA	NA	4.354372094806	7.74187440833515	9.18203706193737e-05	0.00643988928972722
TRINITY_DN8081_c0_g1_i3	NA	NA	NA	NA	1.35599243289456	-9.57361774699047	0.000128634706202277	0.00791142661042235
TRINITY_DN8495_c0_g4_i1	NA	NA	NA	NA	1.31299079734341	9.42751606478943	0.000257804561996099	0.0123762787182606
TRINITY_DN6601_c0_g1_i3	NA	NA	NA	NA	3.76852217187671	-6.52205715778051	0.000437166043522585	0.0178160618100629
TRINITY_DN10965_c0_g1_i1	NA	NA	NA	NA	1.5749190734646	-9.79573966593849	9.28968315724295e-05	0.00643988928972722
TRINITY_DN8364_c0_g1_i3	NA	NA	NA	NA	2.02238017458939	5.89769532011165	0.00167820144696805	0.0498591425474028
TRINITY_DN8092_c0_g3_i2	NA	NA	NA	NA	0.514299517453624	-8.70642549589023	0.000455429070540778	0.0183464351060259
TRINITY_DN3134_c0_g1_i1	NA	NA	NA	NA	1.71338394587442	-9.93576702296371	7.56478507264116e-05	0.00589206213399189
TRINITY_DN8582_c0_g1_i5	NA	NA	NA	NA	4.39936101728917	-12.626717100834	1.45171217282466e-06	0.00087965588100238
TRINITY_DN8498_c2_g1_i2	NA	NA	NA	NA	4.4739062986277	-12.7012228309596	1.30144115591239e-06	0.00087965588100238
TRINITY_DN8293_c2_g2_i1	NA	NA	NA	NA	2.20252559056752	-10.428380568736	3.66941977096635e-05	0.00391657169522244
TRINITY_DN20931_c0_g2_i1	NA	NA	NA	NA	1.31299079734341	9.42751606478943	0.000257804561996099	0.0123762787182606
TRINITY_DN5804_c1_g3_i1	NA	NA	NA	NA	1.82768016697539	-10.0511309261833	6.38647528473157e-05	0.00523716934629634
TRINITY_DN21734_c0_g1_i1	NA	NA	NA	NA	0.812222162548234	8.88789969765187	0.000561187304823722	0.0210424377327304
TRINITY_DN6382_c0_g1_i2	NA	NA	NA	NA	2.12496302081638	-10.3504362185459	4.11472471370128e-05	0.00419223947724727
TRINITY_DN4874_c1_g1_i1	NA	NA	NA	NA	2.21254996074633	7.0346495971847	0.000495654725863919	0.0194583504307756
TRINITY_DN6335_c0_g1_i1	NA	NA	NA	NA	0.253961052466048	-8.431517955983	0.00067765170455624	0.0235694273034707
TRINITY_DN2123_c0_g1_i1	NA	NA	NA	NA	2.10208182414585	10.2594868728096	7.67554385439121e-05	0.00593251901052237
TRINITY_DN7223_c0_g2_i4	NA	NA	NA	NA	0.323441363318388	-8.50530959040812	0.000609220741172156	0.0221039748411257
TRINITY_DN7106_c0_g1_i2	NA	NA	NA	NA	7.22869133384784	7.73609373099643	5.96854798237971e-05	0.00505897136338428
TRINITY_DN658_c0_g2_i1	NA	NA	NA	NA	1.25560397173002	9.36620660953179	0.00028173868040021	0.0131258993064976
TRINITY_DN2905_c0_g1_i1	NA	NA	NA	NA	0.709779073005384	-8.91032777878176	0.000338735061831871	0.0147269448326171
TRINITY_DN8576_c0_g1_i1	NA	NA	NA	NA	0.0646130128341675	-8.22861754994908	0.000907234111083943	0.0289582812071145
TRINITY_DN3795_c0_g1_i1	NA	NA	NA	NA	0.656509714265737	-8.8549502481589	0.00036712718164056	0.0155263241828826
TRINITY_DN3682_c0_g2_i1	NA	NA	NA	NA	0.289106490473772	-8.46888551286467	0.000642102401514138	0.0227247925363942
TRINITY_DN8155_c0_g1_i1	NA	NA	NA	NA	4.30318168813641	-12.5305887761118	1.67155558200022e-06	0.00087965588100238
TRINITY_DN7905_c0_g2_i1	NA	NA	NA	NA	0.601252074310362	-8.79736192001196	0.000399150890764026	0.0166365101640138
TRINITY_DN8408_c0_g2_i5	NA	NA	NA	NA	6.95609625538643	8.28300484455825	2.82143191744759e-05	0.00342871964281146
TRINITY_DN6882_c0_g1_i1	NA	NA	NA	NA	2.13148406937592	-6.40258101568244	0.000784566476454531	0.0263784325491954
TRINITY_DN7908_c0_g3_i2	NA	NA	NA	NA	0.810886054853327	-9.01508690462336	0.000290841690364689	0.0133344304993793
TRINITY_DN7249_c0_g1_i3	NA	NA	NA	NA	0.104454053076388	-8.27154480449389	0.000853029808623022	0.027710419209907
TRINITY_DN7074_c0_g1_i2	NA	NA	NA	NA	2.71434718248986	-10.9416906559953	1.72536187639365e-05	0.00255924449503596
TRINITY_DN5717_c0_g1_i1	NA	NA	NA	NA	2.08457272232868	-10.3098258066213	4.36771856211634e-05	0.00432163872643716
TRINITY_DN500_c0_g1_i1	NA	NA	NA	NA	0.38982172947472	-8.57550984491727	0.00055046068819342	0.020755969089581
TRINITY_DN6550_c0_g1_i2	NA	NA	NA	NA	2.78871988587689	10.9704591288633	2.70914648280642e-05	0.00334847401040929
TRINITY_DN18991_c0_g2_i1	NA	NA	NA	NA	1.22601564288464	9.33454632846974	0.000294945262790822	0.0134919065448509
TRINITY_DN7830_c0_g3_i10	NA	NA	NA	NA	2.41978631761136	-7.61073635791418	0.000202259877038727	0.0106254908841204
TRINITY_DN7201_c0_g1_i1	NA	NA	NA	NA	3.09721638215986	-6.10198004685982	0.000852070312805186	0.027710419209907
TRINITY_DN5019_c0_g1_i1	NA	NA	NA	NA	0.524290900960635	8.57217283439607	0.000880581099995375	0.0285135835155806
TRINITY_DN6978_c0_g1_i1	NA	NA	NA	NA	0.357001840920201	-8.54083666077031	0.000578749280810347	0.0213193306513371
TRINITY_DN7930_c0_g1_i1	NA	NA	NA	NA	1.11849516532933	-9.33139406981592	0.000183335930447093	0.00983626522582235
TRINITY_DN4149_c0_g1_i1	NA	NA	NA	NA	1.42195354534739	-9.64064587940862	0.000116606568161644	0.00744400094786341
TRINITY_DN2255_c0_g2_i1	NA	NA	NA	NA	1.11849516532933	-9.33139406981592	0.000183335930447093	0.00983626522582235
TRINITY_DN8590_c2_g6_i1	NA	NA	NA	NA	2.23820503633016	-7.42755165192697	0.000264967874906253	0.0126363993864866
TRINITY_DN2399_c0_g1_i1	NA	NA	NA	NA	0.0646130128341675	-8.22861754994908	0.000907234111083943	0.0289582812071145
TRINITY_DN4822_c0_g2_i1	NA	NA	NA	NA	1.45979763318716	9.58380514796558	0.000205513076523436	0.0107412736018117
TRINITY_DN8176_c0_g1_i1	NA	NA	NA	NA	2.74714551212055	-10.9745387696376	1.64401357129732e-05	0.00249358539652488
TRINITY_DN8396_c2_g2_i1	NA	NA	NA	NA	0.0236798939103389	-8.18437372444889	0.000966636405194394	0.030232490235638
TRINITY_DN1531_c0_g2_i1	NA	NA	NA	NA	0.908985946805336	8.99303821420834	0.000482600897819549	0.0191643856529799
TRINITY_DN8515_c0_g1_i1	NA	NA	NA	NA	5.36527269521544	-5.86217495238667	0.000935656556310377	0.0296776725007063
TRINITY_DN1982_c0_g2_i1	NA	NA	NA	NA	4.0865960033823	-12.3141153960085	2.29655546413487e-06	0.000983610233225278
TRINITY_DN561_c0_g2_i1	NA	NA	NA	NA	2.60879635886493	7.44745320382967	0.000270442588796192	0.0126924139794592
TRINITY_DN10476_c0_g2_i1	NA	NA	NA	NA	1.70011352366773	-9.92236027374089	7.71507180797701e-05	0.00594031082375268
TRINITY_DN7635_c0_g1_i1	NA	NA	NA	NA	4.98783707758945	-8.72055821907404	2.12303554116771e-05	0.00289378351162002
TRINITY_DN5159_c0_g1_i1	NA	NA	NA	NA	0.104454053076388	-8.27154480449389	0.000853029808623022	0.027710419209907
TRINITY_DN8082_c0_g1_i3	NA	NA	NA	NA	0.289106490473772	-8.46888551286467	0.000642102401514138	0.0227247925363942
TRINITY_DN4109_c0_g1_i1	NA	NA	NA	NA	6.18287849157245	-14.4094924744213	1.06834639031829e-07	0.000603076619094541
TRINITY_DN6429_c0_g1_i2	NA	NA	NA	NA	1.48507134058765	-9.70469763268129	0.000106160586752539	0.00697582252950806
TRINITY_DN6982_c0_g1_i1	NA	NA	NA	NA	4.13459691190949	-7.14999153911545	0.000181383678092824	0.00983626522582235
TRINITY_DN1519_c0_g2_i1	NA	NA	NA	NA	0.656509714265737	-8.8549502481589	0.00036712718164056	0.0155263241828826
TRINITY_DN5518_c0_g1_i3	NA	NA	NA	NA	2.89499752992943	-11.122567457318	1.32246563405414e-05	0.00224185707863648
TRINITY_DN5454_c0_g1_i4	NA	NA	NA	NA	1.40573960318843	-9.624178531024	0.000119453631545434	0.00755403795976814
TRINITY_DN8526_c5_g3_i2	NA	NA	NA	NA	2.02180317258358	-10.246682871782	4.79227320980965e-05	0.00447567256766157
TRINITY_DN8498_c2_g1_i10	NA	NA	NA	NA	3.45194057558687	-11.6796914772712	5.83082021588742e-06	0.00152759917162464
TRINITY_DN4790_c0_g3_i1	NA	NA	NA	NA	1.07829272774388	-9.2902363177692	0.000194698812585562	0.010335945121812
TRINITY_DN6926_c0_g1_i3	NA	NA	NA	NA	1.67147247838764	9.80785169841188	0.000148368902370094	0.00877726060853929
TRINITY_DN20910_c0_g1_i1	NA	NA	NA	NA	0.323441363318388	-8.50530959040812	0.000609220741172156	0.0221039748411257
TRINITY_DN2207_c0_g2_i1	NA	NA	NA	NA	2.07429741250836	-10.2994920393564	4.43453733392402e-05	0.00432163872643716
TRINITY_DN8561_c1_g1_i5	NA	NA	NA	NA	8.18433269117612	-6.38165797016453	0.000413595789150059	0.017097270193697
TRINITY_DN6420_c0_g1_i3	NA	NA	NA	NA	0.0236798939103389	-8.18437372444889	0.000966636405194394	0.030232490235638
TRINITY_DN8492_c5_g1_i2	NA	NA	NA	NA	2.45582245512321	5.78643794029528	0.00163169077251353	0.0486924525945496
TRINITY_DN8545_c3_g1_i1	NA	NA	NA	NA	1.78851181907089	-6.97198775830367	0.000518043665439632	0.0199818257417088
TRINITY_DN4671_c0_g1_i1	NA	NA	NA	NA	2.36323872917281	-10.5897331353672	2.89468870574581e-05	0.00343497383888296
TRINITY_DN8523_c1_g1_i1	NA	NA	NA	NA	5.02140317841513	6.3279427919806	0.000507922457640189	0.0197424272408006
TRINITY_DN7918_c0_g1_i2	NA	NA	NA	NA	1.60368191070807	-9.82485354790284	8.90141685303598e-05	0.00634516898149452
TRINITY_DN3149_c0_g2_i1	NA	NA	NA	NA	3.09181650608881	-11.3195216979328	9.8999357678715e-06	0.00199228854861404
TRINITY_DN8237_c1_g1_i29	NA	NA	NA	NA	2.02742912435823	10.181549745925	8.60164310110644e-05	0.00628699080719638
TRINITY_DN8284_c0_g1_i9	NA	NA	NA	NA	4.1095237326432	-12.3370315457181	2.22059662120051e-06	0.000983610233225278
TRINITY_DN4564_c0_g1_i1	NA	NA	NA	NA	0.0236798939103389	-8.18437372444889	0.000966636405194394	0.030232490235638
TRINITY_DN6802_c0_g1_i1	NA	NA	NA	NA	6.29624152713444	14.5182380439572	1.49476185766753e-07	0.000603076619094541
TRINITY_DN7220_c0_g2_i1	NA	NA	NA	NA	1.85190709621664	-10.0755611155453	6.16147358135969e-05	0.00515748574924353
TRINITY_DN8557_c0_g1_i1	NA	NA	NA	NA	0.664524946987733	8.72650990587563	0.000706874957992283	0.024417446108867
TRINITY_DN7830_c0_g3_i4	NA	NA	NA	NA	4.05383349860579	12.2607111167246	4.0776511626702e-06	0.00123724001802381
TRINITY_DN4755_c0_g1_i1	NA	NA	NA	NA	1.33902756304539	-9.55636256669414	0.000131926044416008	0.00801609666868715
TRINITY_DN8265_c2_g1_i5	NA	NA	NA	NA	2.76005969298279	-10.9874714236922	1.6130483912809e-05	0.00249358539652488
TRINITY_DN8115_c2_g1_i5	NA	NA	NA	NA	8.70863020820919	-6.19133750293026	0.000545203499386027	0.020755969089581
TRINITY_DN18991_c0_g1_i1	NA	NA	NA	NA	1.51563795606288	-9.73568774276227	0.000101446423596078	0.00682159567734563
TRINITY_DN4288_c0_g3_i1	NA	NA	NA	NA	2.84737148357427	-11.0748924652166	1.41848914692326e-05	0.00238459846340691
TRINITY_DN6503_c0_g2_i1	NA	NA	NA	NA	0.217966289654807	-8.39315673990408	0.000716161087581674	0.0245699279248046
TRINITY_DN7882_c0_g1_i2	NA	NA	NA	NA	6.04426138657802	-14.2709141092789	1.30802598633148e-07	0.000603076619094541
TRINITY_DN4395_c0_g1_i1	NA	NA	NA	NA	0.656509714265737	-8.8549502481589	0.00036712718164056	0.0155263241828826
TRINITY_DN4367_c0_g1_i1	NA	NA	NA	NA	2.94466187453365	-7.22521935775353	0.00023345578575633	0.0118032670828633
TRINITY_DN8583_c1_g6_i1	NA	NA	NA	NA	0.708327332550013	8.77449252054038	0.000660065883534343	0.0231977509904849
TRINITY_DN8017_c0_g1_i7	NA	NA	NA	NA	2.68756316572144	-10.9148628182741	1.79477819679004e-05	0.00260726890259802
TRINITY_DN6052_c0_g3_i1	NA	NA	NA	NA	2.76699920451551	-5.76591102663111	0.00139604203717367	0.0421592155926714
TRINITY_DN6144_c0_g1_i1	NA	NA	NA	NA	0.48414455983493	-8.67479338207368	0.000476788502825228	0.0190084080385244
TRINITY_DN5481_c0_g1_i3	NA	NA	NA	NA	1.05777187112577	-9.26920858827421	0.000200771424180849	0.0106025181675399
TRINITY_DN356_c0_g1_i1	NA	NA	NA	NA	0.709779073005384	-8.91032777878176	0.000338735061831871	0.0147269448326171
TRINITY_DN8454_c0_g1_i2	NA	NA	NA	NA	4.35100358477003	-12.5783853393508	1.55836606404375e-06	0.00087965588100238
TRINITY_DN6999_c0_g1_i2	NA	NA	NA	NA	0.217966289654807	-8.39315673990408	0.000716161087581674	0.0245699279248046
TRINITY_DN8133_c0_g4_i1	NA	NA	NA	NA	1.1768099643468	-9.39100952380638	0.000168035886361475	0.00949520430131664
TRINITY_DN8242_c0_g1_i8	NA	NA	NA	NA	0.548655910880541	8.59906968634739	0.000847561664209364	0.027710419209907
TRINITY_DN3648_c0_g1_i1	NA	NA	NA	NA	0.85895803626576	-9.06474541297197	0.000270546671846896	0.0126924139794592
TRINITY_DN4477_c0_g2_i1	NA	NA	NA	NA	1.48507134058765	-9.70469763268129	0.000106160586752539	0.00697582252950806
TRINITY_DN4953_c0_g1_i1	NA	NA	NA	NA	0.905513661251844	-9.11275136720843	0.000252263638515532	0.0122329672590717
TRINITY_DN7548_c0_g1_i1	NA	NA	NA	NA	1.48507134058765	-9.70469763268129	0.000106160586752539	0.00697582252950806
TRINITY_DN1857_c0_g1_i1	NA	NA	NA	NA	1.54557890291514	-9.7660261381168	9.70334606047257e-05	0.00665801360809228
TRINITY_DN2605_c0_g1_i2	NA	NA	NA	NA	0.543853837408771	-8.73737890755762	0.000435443807580632	0.0177817974298058
TRINITY_DN1667_c0_g2_i1	NA	NA	NA	NA	0.729728064618108	8.79789835534019	0.000638349392238997	0.0227247925363942
TRINITY_DN8411_c1_g7_i1	NA	NA	NA	NA	3.94642606873792	5.75926439647805	0.00124185993889567	0.0380152360354208
TRINITY_DN8408_c0_g2_i4	NA	NA	NA	NA	8.31878129887208	-5.77682652240855	0.00100486947292538	0.031331115730021
TRINITY_DN14568_c0_g2_i1	NA	NA	NA	NA	0.253961052466048	-8.431517955983	0.00067765170455624	0.0235694273034707
TRINITY_DN6850_c0_g1_i1	NA	NA	NA	NA	3.14697933746377	-11.3747060072106	9.12854134620582e-06	0.00191822983934385
TRINITY_DN9789_c0_g1_i1	NA	NA	NA	NA	1.11849516532933	-9.33139406981592	0.000183335930447093	0.00983626522582235
TRINITY_DN8074_c0_g2_i2	NA	NA	NA	NA	1.09853129828767	-9.31096195931338	0.0001888920227349	0.0100807374990242
TRINITY_DN5717_c0_g1_i2	NA	NA	NA	NA	2.23980782380491	-10.465828429451	3.4729283967078e-05	0.0038283816692233
TRINITY_DN8478_c0_g2_i1	NA	NA	NA	NA	4.3303311917276	-8.06146563483327	5.62084946249478e-05	0.00488747397443565
TRINITY_DN952_c0_g1_i1	NA	NA	NA	NA	0.514299517453624	-8.70642549589023	0.000455429070540778	0.0183464351060259
TRINITY_DN5488_c0_g1_i1	NA	NA	NA	NA	0.143259248074654	-8.31323158398307	0.000803440950643072	0.0266138165801686
TRINITY_DN8237_c1_g1_i7	NA	NA	NA	NA	0.422372344669217	8.45927161712359	0.00103343241709703	0.0321223916026168
TRINITY_DN8050_c0_g1_i13	NA	NA	NA	NA	6.42841216857	-6.62446377717494	0.00029995995780219	0.0136902539111846
TRINITY_DN2670_c0_g1_i1	NA	NA	NA	NA	1.51563795606288	-9.73568774276227	0.000101446423596078	0.00682159567734563
TRINITY_DN9435_c0_g1_i1	NA	NA	NA	NA	1.35455742269406	9.47184669419056	0.000241762405873442	0.0121320224221019
TRINITY_DN8286_c0_g1_i1	NA	NA	NA	NA	0.572830726016005	-8.76768213096688	0.000416718608864443	0.0171560499931069
TRINITY_DN7474_c0_g1_i1	NA	NA	NA	NA	0.810886054853327	-9.01508690462336	0.000290841690364689	0.0133344304993793
TRINITY_DN6360_c0_g1_i2	NA	NA	NA	NA	2.81059481424901	-11.0380729936215	1.49739515698115e-05	0.00241655620014245
TRINITY_DN7192_c0_g3_i2	NA	NA	NA	NA	5.16735657427853	-8.90038296214762	1.62813973627602e-05	0.00249358539652488
TRINITY_DN3184_c0_g2_i1	NA	NA	NA	NA	1.82768016697539	-10.0511309261833	6.38647528473157e-05	0.00523716934629634
TRINITY_DN5270_c0_g1_i5	NA	NA	NA	NA	4.36800792189158	-12.5953806527532	1.51999621905101e-06	0.00087965588100238
TRINITY_DN677_c0_g2_i1	NA	NA	NA	NA	0.289106490473772	-8.46888551286467	0.000642102401514138	0.0227247925363942
TRINITY_DN5569_c0_g1_i3	NA	NA	NA	NA	0.656509714265737	-8.8549502481589	0.00036712718164056	0.0155263241828826
TRINITY_DN509_c0_g1_i1	NA	NA	NA	NA	2.20252559056752	-10.428380568736	3.66941977096635e-05	0.00391657169522244
TRINITY_DN5956_c0_g1_i2	NA	NA	NA	NA	2.21097794018237	10.3729267485402	6.50210068036182e-05	0.00531039987955219
TRINITY_DN6176_c0_g1_i2	NA	NA	NA	NA	0.289106490473772	-8.46888551286467	0.000642102401514138	0.0227247925363942
TRINITY_DN8576_c1_g6_i12	NA	NA	NA	NA	0.48414455983493	-8.67479338207368	0.000476788502825228	0.0190084080385244
TRINITY_DN8526_c4_g2_i1	NA	NA	NA	NA	2.58579428186746	-6.30388251220191	0.000753320521288642	0.0255692374147238
TRINITY_DN6181_c0_g1_i2	NA	NA	NA	NA	0.143259248074654	-8.31323158398307	0.000803440950643072	0.0266138165801686
TRINITY_DN7886_c0_g1_i6	NA	NA	NA	NA	0.810886054853327	-9.01508690462336	0.000290841690364689	0.0133344304993793
TRINITY_DN5165_c0_g1_i1	NA	NA	NA	NA	3.89698672315057	-9.09323834312499	2.26789941194794e-05	0.00297080096345622
TRINITY_DN8044_c0_g1_i4	NA	NA	NA	NA	0.48414455983493	-8.67479338207368	0.000476788502825228	0.0190084080385244
TRINITY_DN8396_c2_g2_i4	NA	NA	NA	NA	2.63246243660994	-10.8596624587387	1.94651633007059e-05	0.00267122951881048
TRINITY_DN7886_c0_g1_i3	NA	NA	NA	NA	0.810886054853327	-9.01508690462336	0.000290841690364689	0.0133344304993793
TRINITY_DN8498_c2_g1_i14	NA	NA	NA	NA	1.37276318578242	-9.59066898559846	0.000125462553421709	0.00776366898827038
TRINITY_DN8564_c0_g2_i10	NA	NA	NA	NA	3.327167057975	-11.5549247602896	7.00421117261712e-06	0.00170236086729163
TRINITY_DN6378_c0_g1_i1	NA	NA	NA	NA	2.07429741250836	-10.2994920393564	4.43453733392402e-05	0.00432163872643716
TRINITY_DN8538_c1_g9_i2	NA	NA	NA	NA	1.89918521571899	-10.1232143775456	5.74509217389445e-05	0.00495280959076806
TRINITY_DN7229_c0_g1_i2	NA	NA	NA	NA	1.93366342760632	-10.1579489965582	5.45939195252568e-05	0.00479697096045034
TRINITY_DN5763_c0_g1_i6	NA	NA	NA	NA	0.905513661251844	-9.11275136720843	0.000252263638515532	0.0122329672590717
TRINITY_DN8560_c1_g4_i2	NA	NA	NA	NA	4.78056002593606	-13.0077174070478	8.30408969975081e-07	0.00087965588100238
TRINITY_DN5356_c0_g1_i1	NA	NA	NA	NA	0.85895803626576	-9.06474541297197	0.000270546671846896	0.0126924139794592
TRINITY_DN9469_c0_g1_i1	NA	NA	NA	NA	0.927567489390257	9.01317677069542	0.000468834767046911	0.0188027907666746
TRINITY_DN6307_c0_g2_i2	NA	NA	NA	NA	1.15762763500511	-9.37141015257607	0.000172920521940517	0.00964655733738706
TRINITY_DN1252_c0_g1_i1	NA	NA	NA	NA	0.810886054853327	-9.01508690462336	0.000290841690364689	0.0133344304993793
TRINITY_DN1018_c0_g1_i1	NA	NA	NA	NA	0.253961052466048	-8.431517955983	0.00067765170455624	0.0235694273034707
TRINITY_DN8146_c0_g1_i2	NA	NA	NA	NA	2.05352644607056	-10.2785997614773	4.57276136433496e-05	0.00437186327027153
TRINITY_DN4932_c0_g1_i3	NA	NA	NA	NA	4.7410163190316	7.15456997598483	0.000173188051248398	0.00964655733738706
TRINITY_DN5454_c0_g1_i3	NA	NA	NA	NA	1.75038804155848	-6.93320690650726	0.000548414100877393	0.020755969089581
TRINITY_DN8430_c0_g1_i1	NA	NA	NA	NA	1.61785378627795	-9.83919309090324	8.71616941936071e-05	0.00630219661995569
TRINITY_DN8250_c0_g1_i1	NA	NA	NA	NA	8.3504559174414	6.40073463372165	0.000402987848364332	0.0167618017836158
TRINITY_DN7657_c1_g2_i1	NA	NA	NA	NA	0.181080598939552	-8.35374757184883	0.000757963811728788	0.0255692374147238
TRINITY_DN6119_c0_g1_i2	NA	NA	NA	NA	1.48507134058765	-9.70469763268129	0.000106160586752539	0.00697582252950806
TRINITY_DN4577_c0_g2_i1	NA	NA	NA	NA	0.57260584436598	8.62547425139713	0.000816325668002536	0.0269962913124839
TRINITY_DN8560_c1_g4_i1	NA	NA	NA	NA	5.52538443431069	-13.7522105272582	2.7919786572277e-07	0.000750322703352851
TRINITY_DN1405_c0_g2_i1	NA	NA	NA	NA	0.323441363318388	-8.50530959040812	0.000609220741172156	0.0221039748411257
TRINITY_DN8576_c1_g6_i10	NA	NA	NA	NA	1.64579167709962	-9.8674515523646	8.36227914580709e-05	0.00614885951281205
TRINITY_DN6665_c0_g1_i4	NA	NA	NA	NA	0.786250289373625	-8.98960160541905	0.000301836008052055	0.013744780565314
TRINITY_DN13282_c0_g2_i1	NA	NA	NA	NA	1.1768099643468	-9.39100952380638	0.000168035886361475	0.00949520430131664
TRINITY_DN8614_c2_g1_i11	NA	NA	NA	NA	5.35457598728975	-13.5814695617357	3.58425555364395e-07	0.000750322703352851
TRINITY_DN14072_c0_g2_i1	NA	NA	NA	NA	2.43738140146783	-10.6641109065388	2.59487896155462e-05	0.00326986299129981
TRINITY_DN5359_c0_g1_i3	NA	NA	NA	NA	4.03430317868194	-12.2618485712154	2.47967980808252e-06	0.00102086899527446
TRINITY_DN8382_c0_g1_i1	NA	NA	NA	NA	1.67320519868332	-9.89516712433122	8.02910309593969e-05	0.00604369764008923
TRINITY_DN3606_c0_g3_i1	NA	NA	NA	NA	1.28692243448414	-9.50332308295402	0.000142576826346699	0.00848437261915031
TRINITY_DN6989_c1_g1_i4	NA	NA	NA	NA	1.48266035040841	-6.65994377031611	0.000818810861853567	0.0270341596009362
TRINITY_DN7625_c0_g1_i1	NA	NA	NA	NA	1.03696082924025	-9.24786983420597	0.000207126130526185	0.0107412736018117
TRINITY_DN8552_c0_g1_i9	NA	NA	NA	NA	2.42932794053423	-10.6560335552528	2.62587520245164e-05	0.00326986299129981
TRINITY_DN8033_c0_g1_i2	NA	NA	NA	NA	4.65552129551268	-5.54301097228752	0.00152489280672353	0.0457082653640917
TRINITY_DN2651_c0_g2_i1	NA	NA	NA	NA	0.283595459563254	8.30445911419756	0.00128573769363367	0.0391800400206525
TRINITY_DN1979_c0_g2_i1	NA	NA	NA	NA	2.66714513406956	-10.8944093908594	1.8495710893192e-05	0.00260918864229623
TRINITY_DN8290_c0_g1_i3	NA	NA	NA	NA	0.601252074310362	-8.79736192001196	0.000399150890764026	0.0166365101640138
TRINITY_DN3354_c0_g1_i2	NA	NA	NA	NA	2.43738140146783	-10.6641109065388	2.59487896155462e-05	0.00326986299129981
TRINITY_DN6570_c0_g1_i4	NA	NA	NA	NA	6.69149580425739	-7.81267302783761	5.40169217072766e-05	0.00479697096045034
TRINITY_DN5067_c0_g1_i1	NA	NA	NA	NA	2.06394900083069	-10.2890837188269	4.50286974829222e-05	0.00432554244915709
TRINITY_DN6451_c0_g3_i1	NA	NA	NA	NA	1.19574507184902	-9.41034619752506	0.000163351160334258	0.00933507919949857
TRINITY_DN7310_c0_g2_i2	NA	NA	NA	NA	3.71696008821678	-11.9446433766053	3.95075188051714e-06	0.00123724001802381
TRINITY_DN5870_c0_g1_i1	NA	NA	NA	NA	1.38934417332548	-9.60752104709735	0.000122403961491516	0.00766849414648554
TRINITY_DN1569_c0_g2_i1	NA	NA	NA	NA	0.323441363318388	-8.50530959040812	0.000609220741172156	0.0221039748411257
TRINITY_DN5963_c0_g2_i1	NA	NA	NA	NA	1.0158513684337	-9.22621071642464	0.000213780459188589	0.0109456680284554
TRINITY_DN6292_c0_g1_i2	NA	NA	NA	NA	0.181080598939552	-8.35374757184883	0.000757963811728788	0.0255692374147238
TRINITY_DN8576_c1_g6_i3	NA	NA	NA	NA	4.16479919271492	6.56773244369525	0.000412071611192064	0.0170692415042659
TRINITY_DN5289_c0_g2_i1	NA	NA	NA	NA	1.58125669789755	9.7125421870071	0.000170444664074063	0.00957766074753781
TRINITY_DN8081_c0_g1_i2	NA	NA	NA	NA	2.9066631883042	-11.1342440440877	1.29995613628163e-05	0.00222237416417028
TRINITY_DN7774_c0_g1_i1	NA	NA	NA	NA	2.37364364926263	10.5418646980135	5.07757864428808e-05	0.00467716867539833
TRINITY_DN1117_c0_g2_i1	NA	NA	NA	NA	0.254112444569743	8.27139837064798	0.00134691572127236	0.0407977940619029
TRINITY_DN6795_c0_g1_i2	NA	NA	NA	NA	0.972702467072175	-9.18189187142393	0.000228065082789377	0.0115596907414827
TRINITY_DN8396_c2_g2_i5	NA	NA	NA	NA	4.55781743043981	-12.7850896732108	1.15084245591885e-06	0.00087965588100238
TRINITY_DN4877_c0_g1_i1	NA	NA	NA	NA	3.87097634881803	-12.0985979691614	3.1512746393406e-06	0.00110085767324444
TRINITY_DN15720_c0_g1_i1	NA	NA	NA	NA	1.92226113105412	-10.1464634599134	5.55225871315813e-05	0.00484873225197139
TRINITY_DN7899_c0_g1_i4	NA	NA	NA	NA	8.43087492930189	6.7066144020359	0.000256979380908008	0.0123762787182606
TRINITY_DN7959_c0_g1_i1	NA	NA	NA	NA	1.64579167709962	-9.8674515523646	8.36227914580709e-05	0.00614885951281205
TRINITY_DN8536_c1_g5_i2	NA	NA	NA	NA	2.06394900083069	-10.2890837188269	4.50286974829222e-05	0.00432554244915709
TRINITY_DN4908_c0_g2_i2	NA	NA	NA	NA	0.928251846654612	-9.13616830826317	0.000243795397702663	0.0121434186613724
TRINITY_DN3695_c0_g2_i2	NA	NA	NA	NA	0.514299517453624	-8.70642549589023	0.000455429070540778	0.0183464351060259
TRINITY_DN22166_c0_g1_i1	NA	NA	NA	NA	0.253961052466048	-8.431517955983	0.00067765170455624	0.0235694273034707
TRINITY_DN8439_c0_g1_i4	NA	NA	NA	NA	2.63946569786503	-10.8666791174373	1.92653856855075e-05	0.00266192209201193
TRINITY_DN8036_c0_g2_i3	NA	NA	NA	NA	5.77042341093013	6.14085584167918	0.000627545518366546	0.0226466471234496
TRINITY_DN5166_c0_g1_i1	NA	NA	NA	NA	7.58332914328661	-10.6066698151552	1.1082474955685e-06	0.00087965588100238
TRINITY_DN7920_c0_g3_i2	NA	NA	NA	NA	4.82895893438192	-13.0560920925017	7.73583077349397e-07	0.00087965588100238
TRINITY_DN8284_c0_g1_i14	NA	NA	NA	NA	3.47881335305971	-8.67439483061041	4.20797928230709e-05	0.00426570683728547
TRINITY_DN6709_c0_g1_i1	NA	NA	NA	NA	3.31697825411807	-5.84344363604635	0.00114682951922469	0.0353746053384094
TRINITY_DN16707_c0_g1_i1	NA	NA	NA	NA	1.98420655832249	10.1363600547357	9.18868509020755e-05	0.00643988928972722
TRINITY_DN8050_c0_g1_i10	NA	NA	NA	NA	7.48521553904496	-7.15675889436447	0.000134365733437225	0.00813981964152894
TRINITY_DN8539_c10_g1_i4	NA	NA	NA	NA	3.15678677272072	-11.3845166135825	8.99783959023018e-06	0.00191822983934385
TRINITY_DN4167_c0_g1_i2	NA	NA	NA	NA	2.02180317258358	-10.246682871782	4.79227320980965e-05	0.00447567256766157
TRINITY_DN7709_c0_g3_i1	NA	NA	NA	NA	3.89115805592565	12.0958151142598	5.19411505325471e-06	0.00145031515513973
TRINITY_DN7546_c0_g2_i1	NA	NA	NA	NA	0.38982172947472	-8.57550984491727	0.00055046068819342	0.020755969089581
TRINITY_DN7961_c1_g1_i4	NA	NA	NA	NA	1.0158513684337	-9.22621071642464	0.000213780459188589	0.0109456680284554
TRINITY_DN8364_c0_g1_i2	NA	NA	NA	NA	4.20013394714492	-12.4275951547037	1.94423795098722e-06	0.000956612492323542
TRINITY_DN5058_c0_g2_i2	NA	NA	NA	NA	3.05065744125818	-6.05469335065464	0.000913463913923743	0.0291110703563723
TRINITY_DN8265_c2_g1_i6	NA	NA	NA	NA	1.11849516532933	-9.33139406981592	0.000183335930447093	0.00983626522582235
TRINITY_DN5270_c0_g1_i3	NA	NA	NA	NA	4.74520029604156	-12.9723755618552	8.74551605528434e-07	0.00087965588100238
TRINITY_DN6737_c0_g2_i1	NA	NA	NA	NA	1.46954520230479	-9.68894931558052	0.000108639154916325	0.00709248437581562
TRINITY_DN8021_c0_g1_i5	NA	NA	NA	NA	2.74714551212055	-10.9745387696376	1.64401357129732e-05	0.00249358539652488
TRINITY_DN8284_c0_g1_i4	NA	NA	NA	NA	1.03696082924025	-9.24786983420597	0.000207126130526185	0.0107412736018117
TRINITY_DN5517_c0_g2_i1	NA	NA	NA	NA	2.19305362347831	-10.4188647279366	3.72109483864058e-05	0.00395082348315244
TRINITY_DN8541_c0_g1_i2	NA	NA	NA	NA	4.16845955462895	-9.36498738894379	1.51898205740186e-05	0.00243193849555299
TRINITY_DN6966_c0_g2_i1	NA	NA	NA	NA	0.143259248074654	-8.31323158398307	0.000803440950643072	0.0266138165801686
TRINITY_DN8589_c0_g3_i3	NA	NA	NA	NA	4.66490612769808	-12.8921225381752	9.83716153194199e-07	0.00087965588100238
TRINITY_DN3281_c0_g3_i1	NA	NA	NA	NA	3.9800451259099	-12.2076167814992	2.68516322519297e-06	0.00104829759375982
TRINITY_DN16398_c0_g2_i1	NA	NA	NA	NA	0.181080598939552	-8.35374757184883	0.000757963811728788	0.0255692374147238
TRINITY_DN13342_c0_g2_i1	NA	NA	NA	NA	3.06081681964198	-11.2885070738585	1.03617613821774e-05	0.00200988281117948
TRINITY_DN7339_c0_g3_i2	NA	NA	NA	NA	0.950644707834461	-9.15921122278193	0.00023573782693119	0.0118888479567072
TRINITY_DN4918_c0_g2_i1	NA	NA	NA	NA	0.735711408514762	-8.93723929823206	0.000325733453462743	0.0145376569838582
TRINITY_DN6661_c0_g1_i1	NA	NA	NA	NA	2.77973203299127	-5.77890190771788	0.00136969974936163	0.0414257167074544
TRINITY_DN6811_c0_g1_i3	NA	NA	NA	NA	2.76005969298279	-10.9874714236922	1.6130483912809e-05	0.00249358539652488
TRINITY_DN6710_c0_g1_i1	NA	NA	NA	NA	0.709779073005384	-8.91032777878176	0.000338735061831871	0.0147269448326171
TRINITY_DN19942_c0_g1_i1	NA	NA	NA	NA	0.104454053076388	-8.27154480449389	0.000853029808623022	0.027710419209907
TRINITY_DN8590_c2_g2_i4	NA	NA	NA	NA	0.421932673272355	-8.609369227289	0.000524153631964247	0.0201404785097424
TRINITY_DN8523_c1_g1_i10	NA	NA	NA	NA	1.8875087206809	-10.1114478126025	5.84521902333526e-05	0.00497534191382879
TRINITY_DN7239_c0_g1_i3	NA	NA	NA	NA	2.75006164939699	-6.47044379270331	0.000589503951647327	0.0216613173343926
TRINITY_DN3405_c0_g1_i1	NA	NA	NA	NA	1.19574507184902	-9.41034619752506	0.000163351160334258	0.00933507919949857
TRINITY_DN8026_c0_g1_i5	NA	NA	NA	NA	1.6270788845845	9.76098385984061	0.000158845214993327	0.00923453752755153
TRINITY_DN7851_c0_g1_i1	NA	NA	NA	NA	2.37166635069188	-10.5981892395212	2.85892961033435e-05	0.0034329277993616
TRINITY_DN7942_c0_g1_i4	NA	NA	NA	NA	5.44525975588589	-7.34524812060258	0.000115040354360453	0.0073778227841129
TRINITY_DN2718_c0_g1_i1	NA	NA	NA	NA	1.32186407404365	-9.53889850709598	0.000135342542557401	0.00817444644015104
TRINITY_DN5992_c0_g1_i2	NA	NA	NA	NA	0.709779073005384	-8.91032777878176	0.000338735061831871	0.0147269448326171
TRINITY_DN8068_c0_g1_i2	NA	NA	NA	NA	3.04506426980692	-11.2727460960108	1.06046497402871e-05	0.0020181848982152
TRINITY_DN2250_c0_g1_i1	NA	NA	NA	NA	2.0858258778033	10.2425277226448	7.86822364008026e-05	0.00596831597406042
TRINITY_DN7848_c0_g1_i2	NA	NA	NA	NA	4.5466582347846	-12.7739363456123	1.16981721781534e-06	0.00087965588100238
TRINITY_DN7810_c0_g2_i1	NA	NA	NA	NA	0.0236798939103389	-8.18437372444889	0.000966636405194394	0.030232490235638
TRINITY_DN8523_c1_g1_i7	NA	NA	NA	NA	2.92905226633252	-5.66981206273688	0.00153270711322664	0.0458743332271826
TRINITY_DN3534_c0_g2_i1	NA	NA	NA	NA	1.45385259325918	-9.67302719240508	0.000111203655084147	0.00721321972351286
TRINITY_DN4548_c0_g1_i2	NA	NA	NA	NA	3.00762731212575	-11.2352867351339	1.12050310997537e-05	0.00209295455903085
TRINITY_DN6485_c0_g1_i2	NA	NA	NA	NA	1.9562036419142	-10.1806493420085	5.2803817355955e-05	0.00475540806929322
TRINITY_DN7830_c0_g3_i9	NA	NA	NA	NA	3.06562800127892	11.2546754139571	1.78538047317259e-05	0.00260726890259802
TRINITY_DN7801_c0_g3_i1	NA	NA	NA	NA	0.999542037307235	9.0910323202094	0.000419158081863592	0.0172213360192143
TRINITY_DN8557_c1_g1_i6	NA	NA	NA	NA	3.22209959010127	-5.74680166973348	0.00132173016189977	0.0401555158975964
TRINITY_DN8552_c0_g1_i1	NA	NA	NA	NA	3.82862171245967	-12.0562614770139	3.35340492415269e-06	0.0011274706255822
TRINITY_DN8545_c3_g1_i7	NA	NA	NA	NA	3.14418772522798	-6.86881852110327	0.00032757630439226	0.0145876308797021
TRINITY_DN540_c0_g2_i1	NA	NA	NA	NA	0.85895803626576	-9.06474541297197	0.000270546671846896	0.0126924139794592
TRINITY_DN869_c0_g1_i1	NA	NA	NA	NA	1.5749190734646	-9.79573966593849	9.28968315724295e-05	0.00643988928972722
TRINITY_DN4670_c0_g2_i1	NA	NA	NA	NA	0.453364335386432	-8.64245213437764	0.000499649309628799	0.0194583504307756
TRINITY_DN8439_c0_g1_i8	NA	NA	NA	NA	4.52027960497136	-12.747571616566	1.21592583899375e-06	0.00087965588100238
TRINITY_DN8115_c2_g1_i4	NA	NA	NA	NA	1.33902756304539	-9.55636256669414	0.000131926044416008	0.00801609666868715
TRINITY_DN5925_c0_g1_i1	NA	NA	NA	NA	3.97895325277784	-8.26427050526092	5.02911270354074e-05	0.00465377479672144
TRINITY_DN5449_c0_g2_i1	NA	NA	NA	NA	0.683384046263904	-8.88290470394567	0.000352512264042053	0.0151302763883411
TRINITY_DN8505_c0_g3_i3	NA	NA	NA	NA	2.73411515675	-10.9614891348295	1.67586140626191e-05	0.00252292180212847
TRINITY_DN6933_c0_g1_i3	NA	NA	NA	NA	1.30185965327519	-6.47431753768961	0.00107426470846796	0.0332890045528787
TRINITY_DN6890_c0_g1_i2	NA	NA	NA	NA	0.683384046263904	-8.88290470394567	0.000352512264042053	0.0151302763883411
TRINITY_DN8431_c0_g1_i2	NA	NA	NA	NA	3.5778389630869	11.7775058692008	8.28765958839622e-06	0.00191130427835686
TRINITY_DN4462_c0_g2_i1	NA	NA	NA	NA	1.9893729109818	-10.214043876136	5.02763184758468e-05	0.00465377479672144
TRINITY_DN541_c0_g1_i1	NA	NA	NA	NA	0.357001840920201	-8.54083666077031	0.000578749280810347	0.0213193306513371
TRINITY_DN1014_c0_g2_i1	NA	NA	NA	NA	1.9562036419142	-10.1806493420085	5.2803817355955e-05	0.00475540806929322
TRINITY_DN4136_c0_g2_i1	NA	NA	NA	NA	1.64357208527165	-6.82438596353801	0.000643412232053147	0.0227312696273347
TRINITY_DN6165_c0_g1_i2	NA	NA	NA	NA	0.104454053076388	-8.27154480449389	0.000853029808623022	0.027710419209907
TRINITY_DN15663_c0_g2_i1	NA	NA	NA	NA	2.50024848898802	-10.727151551713	2.36519852294081e-05	0.00307826772924419
TRINITY_DN3163_c0_g2_i1	NA	NA	NA	NA	0.223995754858076	8.23756220409026	0.00141245439987123	0.042527526281496
TRINITY_DN3987_c0_g2_i4	NA	NA	NA	NA	1.35455742269406	9.47184669419056	0.000241762405873442	0.0121320224221019
TRINITY_DN7755_c0_g1_i2	NA	NA	NA	NA	5.26559280366046	-6.03691574960632	0.000732314187980546	0.0250389391764942
TRINITY_DN6958_c0_g2_i1	NA	NA	NA	NA	3.50283427705789	-11.7305771297282	5.41074475835409e-06	0.00145534605347036
TRINITY_DN7905_c0_g2_i4	NA	NA	NA	NA	6.10155791413113	-9.83563553846556	4.10316336752072e-06	0.00123724001802381
TRINITY_DN8162_c0_g2_i3	NA	NA	NA	NA	1.28692243448414	-9.50332308295402	0.000142576826346699	0.00848437261915031
TRINITY_DN8306_c0_g1_i3	NA	NA	NA	NA	2.1818645021283	-7.3706371095383	0.00028814662608452	0.0133344304993793
TRINITY_DN7717_c0_g1_i2	NA	NA	NA	NA	2.31161893869555	-10.5379284529714	3.12372551935465e-05	0.00358039289215575
TRINITY_DN7028_c0_g1_i1	NA	NA	NA	NA	1.82768016697539	-10.0511309261833	6.38647528473157e-05	0.00523716934629634
TRINITY_DN1093_c0_g2_i1	NA	NA	NA	NA	0.905513661251844	-9.11275136720843	0.000252263638515532	0.0122329672590717
TRINITY_DN6279_c0_g2_i1	NA	NA	NA	NA	0.143259248074654	-8.31323158398307	0.000803440950643072	0.0266138165801686
TRINITY_DN7356_c0_g1_i1	NA	NA	NA	NA	1.07829272774388	-9.2902363177692	0.000194698812585562	0.010335945121812
TRINITY_DN22423_c0_g1_i2	NA	NA	NA	NA	0.289106490473772	-8.46888551286467	0.000642102401514138	0.0227247925363942
TRINITY_DN6669_c0_g1_i3	NA	NA	NA	NA	5.08244832070181	13.299006683627	8.89617705456924e-07	0.00087965588100238
TRINITY_DN6288_c0_g1_i4	NA	NA	NA	NA	1.73956819650873	-9.96221245177167	7.27684092704126e-05	0.00580220205617405
TRINITY_DN8582_c0_g1_i17	NA	NA	NA	NA	2.54567271564095	-10.7726876698101	2.21204015878054e-05	0.00291656772046273
TRINITY_DN8135_c1_g1_i9	NA	NA	NA	NA	3.31845304522475	-11.5462104492929	7.09449418356452e-06	0.00170377656148866
TRINITY_DN8556_c2_g1_i3	NA	NA	NA	NA	1.5749190734646	-9.79573966593849	9.28968315724295e-05	0.00643988928972722
TRINITY_DN8059_c0_g1_i2	NA	NA	NA	NA	4.5069072729417	-12.7342063456068	1.23999089914368e-06	0.00087965588100238
TRINITY_DN8487_c4_g5_i1	NA	NA	NA	NA	2.45335543841093	-10.680131191864	2.53447991279039e-05	0.00323595337219751
TRINITY_DN6079_c0_g2_i1	NA	NA	NA	NA	0.514299517453624	-8.70642549589023	0.000455429070540778	0.0183464351060259
TRINITY_DN8335_c0_g2_i12	NA	NA	NA	NA	4.17861138646716	-12.4060837687407	2.00658965005012e-06	0.000963784119296691
TRINITY_DN8321_c0_g2_i4	NA	NA	NA	NA	3.9594953502494	-6.49493688562383	0.000439088607887371	0.0178583356590967
TRINITY_DN72_c0_g2_i1	NA	NA	NA	NA	0.323441363318388	-8.50530959040812	0.000609220741172156	0.0221039748411257
TRINITY_DN18497_c0_g1_i1	NA	NA	NA	NA	1.86387120535582	-10.0876228062128	6.05331901143673e-05	0.00510935583337712
TRINITY_DN8597_c0_g3_i3	NA	NA	NA	NA	3.41897369497106	11.6157037778975	1.05096215616889e-05	0.0020181848982152
TRINITY_DN7787_c1_g1_i6	NA	NA	NA	NA	3.15678677272072	-11.3845166135825	8.99783959023018e-06	0.00191822983934385
TRINITY_DN3658_c0_g2_i1	NA	NA	NA	NA	4.07887179855768	-12.306395069058	2.32272720065157e-06	0.000983610233225278
TRINITY_DN7941_c0_g1_i1	NA	NA	NA	NA	3.20011535294215	-11.4278570068935	8.44248398610554e-06	0.00191130427835686
TRINITY_DN5698_c0_g1_i1	NA	NA	NA	NA	0.761196821019198	-8.96365799862659	0.000313450931628548	0.0141459634088203
TRINITY_DN2547_c0_g1_i1	NA	NA	NA	NA	2.64643527927233	-10.8736618151797	1.9068610170018e-05	0.00266192209201193
TRINITY_DN8581_c3_g2_i2	NA	NA	NA	NA	1.58125669789755	9.7125421870071	0.000170444664074063	0.00957766074753781
TRINITY_DN3588_c0_g1_i2	NA	NA	NA	NA	0.357001840920201	-8.54083666077031	0.000578749280810347	0.0213193306513371
TRINITY_DN4236_c0_g1_i2	NA	NA	NA	NA	2.20252559056752	-10.428380568736	3.66941977096635e-05	0.00391657169522244
TRINITY_DN7598_c0_g3_i1	NA	NA	NA	NA	3.73653719749595	11.9388565174933	6.53984539762219e-06	0.0016287444593362
TRINITY_DN4642_c0_g1_i2	NA	NA	NA	NA	1.48507134058765	-9.70469763268129	0.000106160586752539	0.00697582252950806
TRINITY_DN21659_c0_g2_i1	NA	NA	NA	NA	1.8875087206809	-10.1114478126025	5.84521902333526e-05	0.00497534191382879
TRINITY_DN5952_c0_g1_i1	NA	NA	NA	NA	0.474255780747599	8.5168263601404	0.000952529784665039	0.0301654369639683
TRINITY_DN7223_c0_g2_i1	NA	NA	NA	NA	1.11849516532933	-9.33139406981592	0.000183335930447093	0.00983626522582235
TRINITY_DN6683_c0_g4_i1	NA	NA	NA	NA	0.709779073005384	-8.91032777878176	0.000338735061831871	0.0147269448326171
TRINITY_DN8458_c0_g2_i9	NA	NA	NA	NA	1.60368191070807	-9.82485354790284	8.90141685303598e-05	0.00634516898149452
TRINITY_DN6202_c0_g1_i1	NA	NA	NA	NA	4.36589330200359	-12.5932671553114	1.52471580492603e-06	0.00087965588100238
TRINITY_DN3145_c0_g2_i1	NA	NA	NA	NA	0.289106490473772	-8.46888551286467	0.000642102401514138	0.0227247925363942
TRINITY_DN8047_c0_g1_i2	NA	NA	NA	NA	5.58471647657839	-7.03992927141344	0.000173583518240792	0.00964655733738706
TRINITY_DN7846_c0_g1_i3	NA	NA	NA	NA	4.17295381868771	6.35495944154096	0.000543618827627234	0.020755969089581
TRINITY_DN8206_c0_g1_i2	NA	NA	NA	NA	1.9784002430064	-10.2029980308389	5.10986792501392e-05	0.0046855166205139
TRINITY_DN21299_c0_g2_i1	NA	NA	NA	NA	4.27416023136892	-12.5015826422903	1.74422422248031e-06	0.00087965588100238
TRINITY_DN7648_c0_g2_i2	NA	NA	NA	NA	0.143259248074654	-8.31323158398307	0.000803440950643072	0.0266138165801686
TRINITY_DN7537_c0_g1_i1	NA	NA	NA	NA	2.74810031404143	10.9286601004808	2.88042864352925e-05	0.00343497383888296
TRINITY_DN8214_c0_g4_i1	NA	NA	NA	NA	2.87512299880199	-7.15514644692121	0.000258899995989985	0.0123762787182606
TRINITY_DN1712_c0_g1_i1	NA	NA	NA	NA	1.54589529320312	9.67511273148587	0.000179979047767548	0.00983626522582235
TRINITY_DN6195_c0_g1_i2	NA	NA	NA	NA	2.80601392059146	-6.12303995175911	0.000884429433685257	0.0285922996245716
TRINITY_DN1836_c0_g2_i1	NA	NA	NA	NA	0.448553666746857	8.48833598005313	0.00099177337520037	0.0309706568079211
TRINITY_DN7065_c0_g1_i1	NA	NA	NA	NA	3.18581624681054	-11.4135543893715	8.62185541716522e-06	0.00191130427835686
TRINITY_DN4744_c0_g1_i1	NA	NA	NA	NA	5.86804248488381	-5.97835696997931	0.000777095750844413	0.0261708724236801
TRINITY_DN8137_c4_g1_i1	NA	NA	NA	NA	3.06081681964198	-11.2885070738585	1.03617613821774e-05	0.00200988281117948
TRINITY_DN4088_c0_g2_i1	NA	NA	NA	NA	1.67320519868332	-9.89516712433122	8.02910309593969e-05	0.00604369764008923
TRINITY_DN7722_c0_g1_i2	NA	NA	NA	NA	1.58937124709407	-9.81037004618855	9.09250630371767e-05	0.0064358992864876
TRINITY_DN7814_c0_g1_i2	NA	NA	NA	NA	3.53195240480996	-6.06194526997971	0.000831565066490067	0.0274103955658564
TRINITY_DN7239_c0_g1_i2	NA	NA	NA	NA	2.61706894978043	-7.80939982749693	0.000150880538747792	0.00884859774684031
TRINITY_DN5201_c0_g1_i2	NA	NA	NA	NA	0.905513661251844	-9.11275136720843	0.000252263638515532	0.0122329672590717
TRINITY_DN7886_c0_g1_i5	NA	NA	NA	NA	0.835117668763568	-9.04012980804928	0.000280425021294864	0.0130949397096789
TRINITY_DN8583_c1_g9_i5	NA	NA	NA	NA	2.21642323965501	-5.92781938581043	0.00130855878336941	0.0398153187585386
TRINITY_DN5891_c0_g1_i2	NA	NA	NA	NA	2.66714513406956	-10.8944093908594	1.8495710893192e-05	0.00260918864229623
TRINITY_DN4840_c0_g3_i1	NA	NA	NA	NA	1.47242108677032	9.59720825606045	0.000201551546189351	0.010615925173049
TRINITY_DN8284_c0_g1_i1	NA	NA	NA	NA	1.68672135347818	-9.90882776805338	7.86978659148403e-05	0.00596831597406042
TRINITY_DN7912_c0_g2_i2	NA	NA	NA	NA	4.91333608169278	-9.20030923200842	1.26294242913369e-05	0.00220352267946818
TRINITY_DN4248_c0_g1_i2	NA	NA	NA	NA	4.30318168813641	-12.5305887761118	1.67155558200022e-06	0.00087965588100238
TRINITY_DN8359_c1_g1_i1	NA	NA	NA	NA	1.0158513684337	-9.22621071642464	0.000213780459188589	0.0109456680284554
TRINITY_DN4950_c0_g2_i1	NA	NA	NA	NA	0.812222162548234	8.88789969765187	0.000561187304823722	0.0210424377327304
TRINITY_DN3142_c0_g1_i1	NA	NA	NA	NA	0.761196821019198	-8.96365799862659	0.000313450931628548	0.0141459634088203
TRINITY_DN8202_c0_g2_i2	NA	NA	NA	NA	2.16531899284743	10.3253975327196	6.97027683523482e-05	0.00562445578388768
TRINITY_DN8329_c0_g1_i1	NA	NA	NA	NA	0.812222162548234	8.88789969765187	0.000561187304823722	0.0210424377327304
TRINITY_DN4043_c0_g2_i1	NA	NA	NA	NA	1.73956819650873	-9.96221245177167	7.27684092704126e-05	0.00580220205617405
TRINITY_DN8726_c0_g1_i1	NA	NA	NA	NA	1.80304381068984	-10.0262799064601	6.62376198827312e-05	0.00536631126865195
TRINITY_DN8271_c0_g2_i1	NA	NA	NA	NA	1.28692243448414	-9.50332308295402	0.000142576826346699	0.00848437261915031
TRINITY_DN8094_c0_g1_i1	NA	NA	NA	NA	4.92663206710103	13.1421127121494	1.11953199486651e-06	0.00087965588100238
TRINITY_DN4353_c0_g2_i1	NA	NA	NA	NA	3.48736470910794	-11.7151102982127	5.53511849279272e-06	0.00146920980730405
TRINITY_DN8074_c0_g3_i2	NA	NA	NA	NA	1.53068504696317	-9.75093668713303	9.92039085143601e-05	0.00678386592020402
TRINITY_DN7764_c0_g2_i1	NA	NA	NA	NA	0.908985946805336	8.99303821420834	0.000482600897819549	0.0191643856529799
TRINITY_DN8396_c2_g2_i6	NA	NA	NA	NA	2.12612450537584	10.2845575612371	7.39927576211644e-05	0.00587659802949508
TRINITY_DN7638_c1_g1_i1	NA	NA	NA	NA	0.193217343980983	8.20291336479402	0.00148277242608413	0.0445118573681475
TRINITY_DN4888_c0_g1_i1	NA	NA	NA	NA	6.53105451331315	-7.81149084278546	5.46920795570108e-05	0.00479697096045034
TRINITY_DN7918_c1_g2_i2	NA	NA	NA	NA	5.1170665474233	5.47246132385205	0.00167799064763138	0.0498591425474028
TRINITY_DN8542_c0_g1_i2	NA	NA	NA	NA	0.289106490473772	-8.46888551286467	0.000642102401514138	0.0227247925363942
TRINITY_DN1681_c0_g1_i1	NA	NA	NA	NA	3.18581624681054	-11.4135543893715	8.62185541716522e-06	0.00191130427835686
TRINITY_DN3673_c0_g1_i1	NA	NA	NA	NA	0.0646130128341675	-8.22861754994908	0.000907234111083943	0.0289582812071145
TRINITY_DN7122_c0_g2_i1	NA	NA	NA	NA	1.61785378627795	-9.83919309090324	8.71616941936071e-05	0.00630219661995569
TRINITY_DN8081_c0_g1_i9	NA	NA	NA	NA	2.13488770107481	-10.3604126860492	4.0548458289349e-05	0.00417338800546447
TRINITY_DN2594_c0_g4_i1	NA	NA	NA	NA	0.453364335386432	-8.64245213437764	0.000499649309628799	0.0194583504307756
TRINITY_DN8365_c0_g2_i5	NA	NA	NA	NA	2.42932794053423	-10.6560335552528	2.62587520245164e-05	0.00326986299129981
TRINITY_DN877_c0_g2_i1	NA	NA	NA	NA	2.67398316328345	-10.9012594697989	1.83103655091702e-05	0.00260918864229623
TRINITY_DN7364_c0_g3_i1	NA	NA	NA	NA	1.05480640359543	-6.21886428894156	0.00155904874912299	0.0465936154311971
TRINITY_DN16573_c0_g1_i1	NA	NA	NA	NA	1.11849516532933	-9.33139406981592	0.000183335930447093	0.00983626522582235
TRINITY_DN8564_c0_g2_i7	NA	NA	NA	NA	2.39665952012617	-10.6232641741399	2.75546709943009e-05	0.00336885077556383
TRINITY_DN3138_c0_g2_i1	NA	NA	NA	NA	4.88437818814855	-10.0813006900654	5.28733081502049e-06	0.00145031515513973
TRINITY_DN5171_c0_g2_i1	NA	NA	NA	NA	2.82909990571332	-11.0566001863885	1.4571564890039e-05	0.00238985510997363
TRINITY_DN8419_c0_g2_i6	NA	NA	NA	NA	4.346721016758	-12.5741050430231	1.56818154449521e-06	0.00087965588100238
TRINITY_DN18618_c0_g2_i1	NA	NA	NA	NA	0.871072782734959	8.95189761853455	0.000511971170119538	0.019785429913451
TRINITY_DN18554_c0_g2_i1	NA	NA	NA	NA	0.422372344669217	8.45927161712359	0.00103343241709703	0.0321223916026168
TRINITY_DN1537_c0_g1_i1	NA	NA	NA	NA	0.181080598939552	-8.35374757184883	0.000757963811728788	0.0255692374147238
TRINITY_DN6276_c0_g1_i4	NA	NA	NA	NA	1.64135072210059	-5.90138382508704	0.00163472251361144	0.0487108674550719
TRINITY_DN8516_c0_g1_i1	NA	NA	NA	NA	4.37323476188167	7.35672424614182	0.000145117576169926	0.00861016724728209
TRINITY_DN3253_c0_g1_i1	NA	NA	NA	NA	0.735711408514762	-8.93723929823206	0.000325733453462743	0.0145376569838582
TRINITY_DN4458_c0_g1_i1	NA	NA	NA	NA	1.0158513684337	-9.22621071642464	0.000213780459188589	0.0109456680284554
TRINITY_DN4642_c0_g1_i3	NA	NA	NA	NA	0.0236798939103389	-8.18437372444889	0.000966636405194394	0.030232490235638
TRINITY_DN5569_c0_g1_i4	NA	NA	NA	NA	0.905513661251844	-9.11275136720843	0.000252263638515532	0.0122329672590717
TRINITY_DN8135_c1_g1_i4	NA	NA	NA	NA	2.40489583342176	-10.6315265635615	2.72220164431232e-05	0.00334847401040929
TRINITY_DN3313_c0_g1_i2	NA	NA	NA	NA	1.64579167709962	-9.8674515523646	8.36227914580709e-05	0.00614885951281205
TRINITY_DN8265_c1_g1_i2	NA	NA	NA	NA	0.601252074310362	-8.79736192001196	0.000399150890764026	0.0166365101640138
TRINITY_DN4230_c0_g1_i1	NA	NA	NA	NA	0.0236798939103389	-8.18437372444889	0.000966636405194394	0.030232490235638
TRINITY_DN8258_c0_g1_i4	NA	NA	NA	NA	3.7301670723829	-11.9578455805679	3.8748794217561e-06	0.00123724001802381
TRINITY_DN4464_c0_g1_i2	NA	NA	NA	NA	3.69017825969645	-11.9178709025769	4.10920939907773e-06	0.00123724001802381
TRINITY_DN3354_c0_g1_i1	NA	NA	NA	NA	2.33765824958423	-10.5640633087402	3.00600166873601e-05	0.00348506158985124
TRINITY_DN5291_c0_g1_i1	NA	NA	NA	NA	0.181080598939552	-8.35374757184883	0.000757963811728788	0.0255692374147238
TRINITY_DN5082_c0_g1_i2	NA	NA	NA	NA	1.11730270221915	9.21792110981592	0.000349085293797241	0.0151117974930724
TRINITY_DN772_c0_g1_i1	NA	NA	NA	NA	0.253961052466048	-8.431517955983	0.00067765170455624	0.0235694273034707
TRINITY_DN8335_c0_g2_i1	NA	NA	NA	NA	4.38481427776911	-12.6121780858724	1.48300291671132e-06	0.00087965588100238
TRINITY_DN1739_c0_g2_i1	NA	NA	NA	NA	3.99106106539837	-12.2186274547434	2.64210824065251e-06	0.00104829759375982
TRINITY_DN2919_c0_g2_i1	NA	NA	NA	NA	1.05777187112577	-9.26920858827421	0.000200771424180849	0.0106025181675399
TRINITY_DN864_c0_g1_i1	NA	NA	NA	NA	0.905513661251844	-9.11275136720843	0.000252263638515532	0.0122329672590717
TRINITY_DN5601_c0_g1_i1	NA	NA	NA	NA	0.453364335386432	-8.64245213437764	0.000499649309628799	0.0194583504307756
TRINITY_DN16241_c0_g2_i1	NA	NA	NA	NA	0.312471099733522	8.33677918067216	0.00122854617762144	0.037722164446206
TRINITY_DN8021_c0_g1_i1	NA	NA	NA	NA	3.51432873685459	-11.7420693991944	5.32014680416102e-06	0.00145031515513973
TRINITY_DN6240_c0_g1_i4	NA	NA	NA	NA	0.683384046263904	-8.88290470394567	0.000352512264042053	0.0151302763883411
TRINITY_DN16473_c0_g2_i1	NA	NA	NA	NA	3.89115805592565	12.0958151142598	5.19411505325471e-06	0.00145031515513973
TRINITY_DN5055_c0_g1_i1	NA	NA	NA	NA	0.664524946987733	8.72650990587563	0.000706874957992283	0.024417446108867
TRINITY_DN1972_c0_g1_i1	NA	NA	NA	NA	3.06602978375358	-11.2937227009612	1.02826167275095e-05	0.00200988281117948
TRINITY_DN8579_c0_g2_i6	NA	NA	NA	NA	2.92398727039177	-11.1515836161251	1.26723500373448e-05	0.00220352267946818
TRINITY_DN5898_c0_g1_i1	NA	NA	NA	NA	4.07369927581862	-12.301225136271	2.34041992736893e-06	0.000983610233225278
TRINITY_DN1030_c0_g2_i1	NA	NA	NA	NA	1.10106798871282	9.20046322818869	0.000357992525288808	0.0153328730629535
TRINITY_DN2285_c0_g1_i1	NA	NA	NA	NA	1.64944862585635	9.78460809115038	0.000153475891828793	0.00897411352423838
TRINITY_DN8545_c3_g1_i6	NA	NA	NA	NA	4.78655836187637	-7.54752410193723	9.59851285042905e-05	0.00660855971780564
TRINITY_DN8470_c0_g1_i1	NA	NA	NA	NA	1.21168417243166	-6.38134065226065	0.00123044356599179	0.0377230061652771
TRINITY_DN15879_c0_g1_i1	NA	NA	NA	NA	0.38982172947472	-8.57550984491727	0.00055046068819342	0.020755969089581
TRINITY_DN7638_c0_g2_i1	NA	NA	NA	NA	1.38934417332548	-9.60752104709735	0.000122403961491516	0.00766849414648554
TRINITY_DN8140_c0_g1_i1	NA	NA	NA	NA	1.30185965327519	-6.47431753768961	0.00107426470846796	0.0332890045528787
TRINITY_DN7312_c0_g1_i1	NA	NA	NA	NA	5.93727710043547	-7.05423534571984	0.000165915306007622	0.00945482900590892
TRINITY_DN3479_c0_g2_i1	NA	NA	NA	NA	1.51563795606288	-9.73568774276227	0.000101446423596078	0.00682159567734563
TRINITY_DN8589_c0_g3_i2	NA	NA	NA	NA	3.86799186730628	-12.0956147917842	3.1651090590481e-06	0.00110085767324444
TRINITY_DN7640_c0_g1_i3	NA	NA	NA	NA	0.656509714265737	-8.8549502481589	0.00036712718164056	0.0155263241828826
TRINITY_DN7415_c0_g2_i2	NA	NA	NA	NA	2.07429741250836	-10.2994920393564	4.43453733392402e-05	0.00432163872643716
TRINITY_DN7138_c0_g1_i1	NA	NA	NA	NA	4.06487334808954	-8.35040939910328	4.42817093491501e-05	0.00432163872643716
TRINITY_DN6924_c0_g1_i1	NA	NA	NA	NA	1.33902756304539	-9.55636256669414	0.000131926044416008	0.00801609666868715
TRINITY_DN6817_c0_g1_i2	NA	NA	NA	NA	3.47744483911714	-5.81427370570167	0.00116495540355077	0.035824154505838
TRINITY_DN8155_c0_g1_i3	NA	NA	NA	NA	3.55156731461163	11.7507687032943	8.61941645616931e-06	0.00191130427835686
TRINITY_DN8454_c0_g1_i4	NA	NA	NA	NA	1.48507134058765	-9.70469763268129	0.000106160586752539	0.00697582252950806
TRINITY_DN8537_c0_g1_i2	NA	NA	NA	NA	0.217966289654807	-8.39315673990408	0.000716161087581674	0.0245699279248046
TRINITY_DN4126_c0_g2_i1	NA	NA	NA	NA	3.62382062103136	-8.81967640386809	3.39579080529194e-05	0.00382699932486896
TRINITY_DN5041_c0_g1_i1	NA	NA	NA	NA	1.64579167709962	-9.8674515523646	8.36227914580709e-05	0.00614885951281205
TRINITY_DN3347_c0_g1_i2	NA	NA	NA	NA	0.104454053076388	-8.27154480449389	0.000853029808623022	0.027710419209907
TRINITY_DN8539_c10_g1_i2	NA	NA	NA	NA	4.89840050879586	-5.7256835048456	0.00116193106898804	0.0357857029842683
TRINITY_DN7898_c0_g1_i1	NA	NA	NA	NA	0.851727364907319	8.93087884498104	0.000527647980406347	0.0202362028683217
TRINITY_DN8386_c0_g1_i2	NA	NA	NA	NA	2.18351951456103	-10.4092857048369	3.77384704510737e-05	0.00398022254361007
TRINITY_DN8413_c0_g2_i20	NA	NA	NA	NA	2.76059060335285	-5.75937145451599	0.00140949204468031	0.0425017683368249
TRINITY_DN7609_c0_g1_i5	NA	NA	NA	NA	2.41834210888795	-6.69371729774531	0.000511255964674091	0.019785429913451
TRINITY_DN4354_c0_g2_i1	NA	NA	NA	NA	0.642101911591563	8.70190657305037	0.000732123226117009	0.0250389391764942
TRINITY_DN8214_c0_g1_i1	NA	NA	NA	NA	2.06394900083069	-10.2890837188269	4.50286974829222e-05	0.00432554244915709
TRINITY_DN5751_c0_g3_i1	NA	NA	NA	NA	2.54567271564095	-10.7726876698101	2.21204015878054e-05	0.00291656772046273
TRINITY_DN8131_c0_g1_i2	NA	NA	NA	NA	0.104454053076388	-8.27154480449389	0.000853029808623022	0.027710419209907
TRINITY_DN8458_c0_g2_i1	NA	NA	NA	NA	1.93366342760632	-10.1579489965582	5.45939195252568e-05	0.00479697096045034
TRINITY_DN4408_c0_g1_i1	NA	NA	NA	NA	3.54454099174536	-11.7722752832626	5.08919744129352e-06	0.00145031515513973
TRINITY_DN8599_c4_g9_i1	NA	NA	NA	NA	1.5749190734646	-9.79573966593849	9.28968315724295e-05	0.00643988928972722
TRINITY_DN8335_c0_g2_i11	NA	NA	NA	NA	4.10192153903804	-12.3294332026155	2.24549943021036e-06	0.000983610233225278
TRINITY_DN8257_c0_g1_i3	NA	NA	NA	NA	3.64557016335236	-11.87327730836	4.38739655276211e-06	0.00130157280380691
TRINITY_DN6899_c0_g2_i2	NA	NA	NA	NA	2.09477594982803	-10.3200860810584	4.3023695150181e-05	0.00429661882309209
TRINITY_DN8429_c1_g1_i1	NA	NA	NA	NA	0.143259248074654	-8.31323158398307	0.000803440950643072	0.0266138165801686
TRINITY_DN21538_c0_g2_i1	NA	NA	NA	NA	0.709779073005384	-8.91032777878176	0.000338735061831871	0.0147269448326171
TRINITY_DN7920_c0_g2_i1	NA	NA	NA	NA	2.56050331650525	-10.7875524882645	2.16422154616361e-05	0.00291058941671723
TRINITY_DN7689_c0_g5_i1	NA	NA	NA	NA	0.395693454588813	8.42960966745291	0.00107770657967311	0.0333444399259904
TRINITY_DN4261_c0_g2_i1	NA	NA	NA	NA	0.709779073005384	-8.91032777878176	0.000338735061831871	0.0147269448326171
TRINITY_DN2692_c0_g2_i1	NA	NA	NA	NA	1.64579167709962	-9.8674515523646	8.36227914580709e-05	0.00614885951281205
TRINITY_DN7420_c0_g1_i2	NA	NA	NA	NA	2.03245463022773	-10.2574004824161	4.71741309089537e-05	0.0044469333776931
TRINITY_DN5145_c0_g1_i1	NA	NA	NA	NA	1.51563795606288	-9.73568774276227	0.000101446423596078	0.00682159567734563
TRINITY_DN6725_c0_g1_i2	NA	NA	NA	NA	1.68672135347818	-9.90882776805338	7.86978659148403e-05	0.00596831597406042
TRINITY_DN6677_c0_g1_i2	NA	NA	NA	NA	1.51563795606288	-9.73568774276227	0.000101446423596078	0.00682159567734563
TRINITY_DN1229_c0_g1_i1	NA	NA	NA	NA	2.33765824958423	-10.5640633087402	3.00600166873601e-05	0.00348506158985124
TRINITY_DN8158_c0_g1_i1	NA	NA	NA	NA	2.17059312194592	-6.44235174386308	0.000740031530002419	0.0252599933244311
TRINITY_DN7070_c0_g2_i1	NA	NA	NA	NA	0.601252074310362	-8.79736192001196	0.000399150890764026	0.0166365101640138
TRINITY_DN8439_c0_g1_i9	NA	NA	NA	NA	3.14697933746377	-11.3747060072106	9.12854134620582e-06	0.00191822983934385
TRINITY_DN5581_c0_g2_i1	NA	NA	NA	NA	0.683384046263904	-8.88290470394567	0.000352512264042053	0.0151302763883411
TRINITY_DN15820_c0_g1_i1	NA	NA	NA	NA	1.96734424234462	-10.1918669612396	5.19409649719976e-05	0.00471984273144193
TRINITY_DN8579_c0_g1_i2	NA	NA	NA	NA	0.905513661251844	-9.11275136720843	0.000252263638515532	0.0122329672590717
TRINITY_DN7144_c0_g1_i10	NA	NA	NA	NA	2.33765824958423	-10.5640633087402	3.00600166873601e-05	0.00348506158985124
TRINITY_DN7418_c0_g1_i4	NA	NA	NA	NA	4.31726126555007	-6.6651710045423	0.000332188968203082	0.014697086638554
TRINITY_DN8480_c0_g2_i2	NA	NA	NA	NA	5.72915378367072	-8.7505182647782	1.70282134731257e-05	0.00254451963254344
TRINITY_DN5662_c0_g2_i1	NA	NA	NA	NA	2.77805141752833	-7.97128363040843	0.000118816258402678	0.00753735968791583
TRINITY_DN5599_c0_g1_i1	NA	NA	NA	NA	1.15762763500511	-9.37141015257607	0.000172920521940517	0.00964655733738706
TRINITY_DN7021_c0_g1_i2	NA	NA	NA	NA	3.40331589878266	-11.6310717801681	6.26265485694945e-06	0.00161815161609804
TRINITY_DN4860_c0_g2_i1	NA	NA	NA	NA	2.10490809345046	-10.330273900639	4.23844784591162e-05	0.00427511041977876
TRINITY_DN7030_c0_g1_i2	NA	NA	NA	NA	2.2212862860514	-10.4472259993816	3.56918669448495e-05	0.0038919569290727
TRINITY_DN8575_c0_g1_i4	NA	NA	NA	NA	1.71338394587442	-9.93576702296371	7.56478507264116e-05	0.00589206213399189
TRINITY_DN6181_c0_g1_i4	NA	NA	NA	NA	0.835117668763568	-9.04012980804928	0.000280425021294864	0.0130949397096789
TRINITY_DN7583_c0_g1_i1	NA	NA	NA	NA	2.92971619178809	-11.15731746908	1.25659706765255e-05	0.00220352267946818
TRINITY_DN478_c0_g2_i1	NA	NA	NA	NA	0.181080598939552	-8.35374757184883	0.000757963811728788	0.0255692374147238
TRINITY_DN5312_c0_g1_i8	NA	NA	NA	NA	1.83638987994554	9.98143610535186	0.000115204192583927	0.0073778227841129
TRINITY_DN22606_c0_g2_i1	NA	NA	NA	NA	0.792046747009187	8.86592024349322	0.000579140097998945	0.0213193306513371
TRINITY_DN8265_c2_g1_i3	NA	NA	NA	NA	1.82768016697539	-10.0511309261833	6.38647528473157e-05	0.00523716934629634
TRINITY_DN2621_c0_g1_i1	NA	NA	NA	NA	0.928251846654612	-9.13616830826317	0.000243795397702663	0.0121434186613724
TRINITY_DN2262_c0_g2_i1	NA	NA	NA	NA	0.357001840920201	-8.54083666077031	0.000578749280810347	0.0213193306513371
TRINITY_DN7991_c0_g1_i2	NA	NA	NA	NA	3.54983563255379	-7.27748861073721	0.00017910995608482	0.00983626522582235
TRINITY_DN13623_c0_g2_i1	NA	NA	NA	NA	1.33902756304539	-9.55636256669414	0.000131926044416008	0.00801609666868715
TRINITY_DN3055_c0_g2_i1	NA	NA	NA	NA	0.735711408514762	-8.93723929823206	0.000325733453462743	0.0145376569838582
TRINITY_DN7470_c0_g1_i4	NA	NA	NA	NA	6.64223834353578	7.27663401104661	0.000118663013125247	0.00753735968791583
TRINITY_DN5656_c0_g1_i1	NA	NA	NA	NA	0.253961052466048	-8.431517955983	0.00067765170455624	0.0235694273034707
TRINITY_DN2717_c0_g1_i1	NA	NA	NA	NA	1.13819161148628	-9.35154084768447	0.000178016464844255	0.00981182006913428
TRINITY_DN5901_c0_g1_i4	NA	NA	NA	NA	4.65696242874996	-8.38899151048741	3.46426840344635e-05	0.0038283816692233
TRINITY_DN6933_c0_g1_i27	NA	NA	NA	NA	0.453364335386432	-8.64245213437764	0.000499649309628799	0.0194583504307756
TRINITY_DN6933_c0_g1_i30	NA	NA	NA	NA	0.708327332550013	8.77449252054038	0.000660065883534343	0.0231977509904849
TRINITY_DN7911_c0_g1_i1	NA	NA	NA	NA	3.47907207005288	11.6769479598835	9.60597787331931e-06	0.00197253459095236
TRINITY_DN4828_c0_g2_i1	NA	NA	NA	NA	1.61785378627795	-9.83919309090324	8.71616941936071e-05	0.00630219661995569
TRINITY_DN8573_c3_g3_i7	NA	NA	NA	NA	1.24088698781381	9.35046331629482	0.000288231016391211	0.0133344304993793
TRINITY_DN8589_c0_g3_i8	NA	NA	NA	NA	4.70058571188707	-12.9277837530639	9.33617001888068e-07	0.00087965588100238
TRINITY_DN7950_c0_g1_i6	NA	NA	NA	NA	1.37276318578242	-9.59066898559846	0.000125462553421709	0.00776366898827038
TRINITY_DN8162_c0_g2_i2	NA	NA	NA	NA	1.43798993801646	-9.65692738388516	0.000113858058841543	0.00736172634939248
TRINITY_DN85_c0_g1_i1	NA	NA	NA	NA	0.972702467072175	-9.18189187142393	0.000228065082789377	0.0115596907414827
TRINITY_DN8329_c0_g1_i5	NA	NA	NA	NA	3.38673722890536	-11.6144941544032	6.41709856183231e-06	0.00161815161609804
TRINITY_DN11021_c0_g2_i1	NA	NA	NA	NA	1.66050311349964	9.79627670469418	0.00015089067689055	0.00884859774684031
TRINITY_DN8424_c0_g1_i2	NA	NA	NA	NA	6.69222797847043	-11.8893834686183	3.71944035767041e-07	0.000750322703352851
TRINITY_DN5187_c0_g1_i2	NA	NA	NA	NA	1.38934417332548	-9.60752104709735	0.000122403961491516	0.00766849414648554
TRINITY_DN6630_c0_g1_i2	NA	NA	NA	NA	2.37166635069188	-10.5981892395212	2.85892961033435e-05	0.0034329277993616
TRINITY_DN5851_c0_g2_i1	NA	NA	NA	NA	6.18679406301806	-6.19087852017976	0.000565934490429323	0.0211418453248717
TRINITY_DN7127_c0_g2_i1	NA	NA	NA	NA	2.49253750608257	-10.719420478728	2.39223456643834e-05	0.00309349666081798
TRINITY_DN18392_c0_g1_i1	NA	NA	NA	NA	2.24898078916423	-10.4750404619611	3.42622509991624e-05	0.0038283816692233
TRINITY_DN8286_c2_g1_i10	NA	NA	NA	NA	4.33097885526945	12.541138713118	2.70219971623015e-06	0.00104829759375982
TRINITY_DN8582_c0_g1_i1	NA	NA	NA	NA	2.33765824958423	-10.5640633087402	3.00600166873601e-05	0.00348506158985124
TRINITY_DN3178_c0_g1_i4	NA	NA	NA	NA	2.97474906509532	-11.2023859226092	1.17603376641775e-05	0.00213730893422931
TRINITY_DN8373_c0_g1_i1	NA	NA	NA	NA	2.98579168970533	-11.2134364375374	1.1570820030219e-05	0.00213730893422931
TRINITY_DN4692_c0_g2_i2	NA	NA	NA	NA	0.524290900960635	8.57217283439607	0.000880581099995375	0.0285135835155806
TRINITY_DN8335_c0_g2_i8	NA	NA	NA	NA	1.71338394587442	-9.93576702296371	7.56478507264116e-05	0.00589206213399189
TRINITY_DN5207_c0_g1_i1	NA	NA	NA	NA	3.15678677272072	-11.3845166135825	8.99783959023018e-06	0.00191822983934385
TRINITY_DN4668_c0_g1_i3	NA	NA	NA	NA	1.88424721090054	10.0316604367649	0.000107063836172686	0.00701233365945323
TRINITY_DN8422_c0_g2_i6	NA	NA	NA	NA	0.323441363318388	-8.50530959040812	0.000609220741172156	0.0221039748411257
TRINITY_DN4377_c0_g1_i2	NA	NA	NA	NA	3.00762731212575	-11.2352867351339	1.12050310997537e-05	0.00209295455903085
TRINITY_DN8358_c0_g1_i7	NA	NA	NA	NA	2.67831328910085	-6.95660012504321	0.000347030123303877	0.0150551369406647
TRINITY_DN6978_c0_g1_i3	NA	NA	NA	NA	2.32903026582252	-10.5554041883237	3.04450706632972e-05	0.00350953377423254
TRINITY_DN6101_c0_g1_i1	NA	NA	NA	NA	0.686596439632757	8.75070068582159	0.000682882855565942	0.0237104919885228
TRINITY_DN8498_c2_g1_i8	NA	NA	NA	NA	0.85895803626576	-9.06474541297197	0.000270546671846896	0.0126924139794592
TRINITY_DN8431_c0_g1_i3	NA	NA	NA	NA	1.28458754915943	9.39718699213151	0.000269381989027412	0.0126924139794592
TRINITY_DN8545_c3_g4_i1	NA	NA	NA	NA	0.289106490473772	-8.46888551286467	0.000642102401514138	0.0227247925363942
TRINITY_DN5703_c0_g1_i5	NA	NA	NA	NA	3.1070707449337	-11.3347825125367	9.68031153047556e-06	0.00197253459095236
TRINITY_DN2218_c0_g1_i1	NA	NA	NA	NA	1.37276318578242	-9.59066898559846	0.000125462553421709	0.00776366898827038
